-0.00101384
0
0
0.243482
0
0
-0.00210665
0
0
0.11263
0
0
0.00423584
0
0
0.00338722
0
0
0.000685453
0
0
0.026875
0
0
1.49513
0
0
0.850009
0
0
0.207899
0
0
-0.00034105
0
0
0.000761449
0
0
-0.000324287
0
0
-0.00101235
0
0
-0.00390466
0
0
0.000622869
0
0
-0.00218991
0
0
-0.00880919
0
0
0.249082
0
0
-8.15839e-005
0
0
0.0513446
0
0
0.00063926
0
0
1.02561
0
0
1.41936
0
0
-0.00529848
0
0
0.00112746
0
0
0.00211038
0
0
0.643467
0
0
1.09068
0
0
-0.00148602
0
0
-0.000986271
0
0
0.00171922
0
0
1.56389
0
0
-0.0117013
0
0
0.000936165
0
0
0.000286289
0
0
-0.00962578
0
0
-0.000169501
0
0
-0.00096336
0
0
0.609022
0
0
0.000403635
0
0
-0.00148155
0
0
0.00193454
0
0
0.148418
0
0
0.000361539
0
0
0.000736862
0
0
0.279845
0
0
1.09359
0
0
1.73611
0
0
-7.59959e-005
0
0
-0.0128936
0
0
-0.00601299
0
0
-0.000886619
0
0
0.0813507
0
0
0.0541238
0
0
-0.00814479
0
0
1.49465
0
0
0.000856072
0
0
-0.00296216
0
0
0.0423959
0
0
-0.00026878
0
0
0.0585025
0
0
-0.00570752
0
0
-0.000171736
0
0
0.0288272
0
0
0.0814689
0
0
-0.000107102
0
0
-0.000786595
0
0
0.00141356
0
0
-0.00012219
0
0
0.822669
0
0
2.07055
0
0
0.376354
0
0
0.502247
0
0
0.000490993
0
0
-0.00350382
0
0
0.000396371
0
0
-0.00101477
0
0
-2.92435e-005
0
0
-0.000739098
0
0
-0.0025481
0
0
1.11955
0
0
-0.000168011
0
0
0.000780635
0
0
1.11647
0
0
4.06057e-005
0
0
1.30388
0
0
0.0173861
0
0
0.0644639
0
0
-0.0150248
0
0
0.000381283
0
0
0.00759605
0
0
-0.00495203
0
0
1.43421
0
0
1.20075
0
0
0.0015879
0
0
0.286045
0
0
1.32253
0
0
2.42901
0
0
0.00130385
0
0
0.000647269
0
0
-0.000206567
0
0
0.0153994
0
0
0.000322424
0
0
-1.99303e-005
0
0
0.222358
0
0
0.000355951
0
0
0.00164844
0
0
-0.000257976
0
0
-0.00842176
0
0
-0.00157487
0
0
0.183563
0
0
1.62042
0
0
1.14367
0
0
0.00387114
0
0
0.655202
0
0
0.175089
0
0
-0.00332221
0
0
-0.000425801
0
0
0.190736
0
0
0.0906825
0
0
-0.00446346
0
0
0.000883639
0
0
0.843377
0
0
0.1074
0
0
0.00226796
0
0
1.09066
0
0
-0.0086369
0
0
-0.000928342
0
0
0.000631437
0
0
0.00656825
0
0
-0.000314973
0
0
-0.000210293
0
0
-0.0016354
0
0
-0.00273772
0
0
0.993067
0
0
0.0995906
0
0
0.379535
0
0
-0.00272375
0
0
-0.00333153
0
0
0.511992
0
0
-2.84985e-005
0
0
-0.013656
0
0
0.0619965
0
0
-0.00285227
0
0
-4.2282e-005
0
0
0.950014
0
0
-0.000800751
0
0
-0.00799373
0
0
0.0942463
0
0
-0.00213496
0
0
0.31547
0
0
0.0421271
0
0
0.0816442
0
0
0.621962
0
0
1.5788
0
0
1.32219
0
0
0.128521
0
0
0.368123
0
0
1.58259
0
0
0.63073
0
0
-0.0174908
0
0
-0.00263043
0
0
0.80229
0
0
0.374325
0
0
0.784667
0
0
-0.00154525
0
0
0.0903463
0
0
0.00165831
0
0
-0.00528414
0
0
0.138871
0
0
1.33338
0
0
0.850423
0
0
-0.00539366
0
0
-0.00627209
0
0
0.487417
0
0
0.00138711
0
0
0.0997823
0
0
-0.00298657
0
0
1.26671
0
0
-0.00438541
0
0
0.627426
0
0
-0.00220891
0
0
-0.0103703
0
0
0.0124043
0
0
0.000940822
0
0
0.000352785
0
0
-0.0002129
0
0
-0.009498
0
0
-0.000836328
0
0
-0.00345409
0
0
0.0303192
0
0
0.404368
0
0
0.873309
0
0
0.00377242
0
0
-0.00192448
0
0
-0.00338592
0
0
-0.000611134
0
0
0.00093095
0
0
-0.000897609
0
0
0.000530854
0
0
0.178726
0
0
1.59484
0
0
-0.00214484
0
0
-0.000891276
0
0
-0.000256114
0
0
-0.000298768
0
0
-0.00124052
0
0
1.67949
0
0
0.000425242
0
0
0.00515152
0
0
-0.00389684
0
0
5.47618e-005
0
0
-0.00207555
0
0
0.982996
0
0
0.00221748
0
0
-0.000143237
0
0
0.00250377
0
0
0.219145
0
0
-0.00159517
0
0
-0.00865832
0
0
0.002205
0
0
0.918939
0
0
-0.00244882
0
0
0.000632927
0
0
1.09751
0
0
7.17118e-005
0
0
-0.000312552
0
0
1.77814
0
0
-0.000979938
0
0
1.45552
0
0
-0.00578612
0
0
-0.00277106
0
0
2.17706
0
0
0.00253338
0
0
-0.00881366
0
0
2.16606
0
0
0.000277907
0
0
0.239665
0
0
-0.00205617
0
0
1.32346
0
0
0.109139
0
0
-0.00294615
0
0
-0.000338443
0
0
-0.00367872
0
0
0.0028057
0
0
0.473509
0
0
-0.00129268
0
0
0.1903
0
0
-0.000617467
0
0
0.710776
0
0
-0.00860598
0
0
-0.00117961
0
0
0.125884
0
0
0.000570901
0
0
0.8339
0
0
-0.00942238
0
0
-0.00845641
0
0
0.00182595
0
0
0.898922
0
0
-0.00950601
0
0
1.65733
0
0
0.000170432
0
0
1.85186
0
0
1.97717
0
0
1.09126
0
0
0.620095
0
0
-0.00592433
0
0
0.715614
0
0
0.00161771
0
0
-0.000699796
0
0
-0.0247916
0
0
0.000427291
0
0
0.0735113
0
0
-0.00378676
0
0
6.33299e-005
0
0
0.00109039
0
0
-0.00932552
0
0
0.00104047
0
0
0.0735689
0
0
0.00300352
0
0
0.000375696
0
0
0.471044
0
0
-0.00801086
0
0
-0.00316203
0
0
-0.00377689
0
0
0.0207238
0
0
-0.00249092
0
0
-0.000804104
0
0
0.731596
0
0
0.00033211
0
0
0.305078
0
0
-0.00788569
0
0
0.686005
0
0
0.00019446
0
0
1.55002
0
0
0.108149
0
0
-0.00151433
0
0
0.00243615
0
0
0.449251
0
0
2.17734
0
0
-0.00267047
0
0
0.112847
0
0
0.234349
0
0
-0.0102634
0
0
-0.0203803
0
0
-0.000653043
0
0
-0.000863709
0
0
-0.0106677
0
0
0.0296218
0
0
0.067321
0
0
0.336077
0
0
1.70784
0
0
-0.00141524
0
0
0.00144206
0
0
-0.00251383
0
0
0.641979
0
0
2.02044
0
0
-0.002026
0
0
-0.0118006
0
0
0.00164453
0
0
-0.00936054
0
0
-0.0103626
0
0
-0.000487827
0
0
-0.00499282
0
0
1.57737
0
0
0.0303127
0
0
0.00233613
0
0
0.33853
0
0
0.781624
0
0
-0.00165273
0
0
-0.000304542
0
0
0.703925
0
0
1.51616
0
0
0.180318
0
0
0.00785366
0
0
-0.000542961
0
0
0.442309
0
0
0.182437
0
0
0.876345
0
0
0.0290923
0
0
0.470575
0
0
1.28468
0
0
0.000760145
0
0
0.0234207
0
0
0.0385508
0
0
0.624057
0
0
-0.00147354
0
0
0.663406
0
0
-9.74163e-005
0
0
0.44433
0
0
0.000292994
0
0
-0.000269897
0
0
0.0459328
0
0
0.593325
0
0
-0.000749156
0
0
-0.00709277
0
0
0.00455584
0
0
-0.00173338
0
0
-0.0117771
0
0
0.00348203
0
0
-0.00389013
0
0
-0.00205431
0
0
2.6077e-005
0
0
0.00766069
0
0
-0.000714324
0
0
1.56856
0
0
0.000838004
0
0
1.72302
0
0
-0.00725668
0
0
0.00018701
0
0
0.000710785
0
0
-0.000469759
0
0
1.4776
0
0
0.000156462
0
0
1.94183
0
0
0.14696
0
0
0.899764
0
0
0.000643544
0
0
0.888227
0
0
-0.00377782
0
0
-0.000376068
0
0
0.753526
0
0
0.919207
0
0
-0.00531152
0
0
1.16813
0
0
0.00133868
0
0
-0.0126621
0
0
1.48632
0
0
-0.00287797
0
0
0.585777
0
0
-0.000743382
0
0
-0.00147894
0
0
0.119121
0
0
1.66096
0
0
-0.00966042
0
0
-0.0159195
0
0
0.35141
0
0
-0.0170849
0
0
-0.00663791
0
0
1.42903
0
0
0.00649877
0
0
-0.00164472
0
0
0.000952184
0
0
-0.00582244
0
0
-0.00412744
0
0
1.32819
0
0
0.00116024
0
0
-0.0118023
0
0
0.166509
0
0
0.0181925
0
0
0.302102
0
0
-0.00165086
0
0
-6.66827e-005
0
0
0.875153
0
0
0.272036
0
0
-0.0049267
0
0
0.000192598
0
0
-0.0040818
0
0
1.58901
0
0
0.00103172
0
0
-0.000377372
0
0
-0.00123028
0
0
0.0158038
0
0
0.0254991
0
0
-0.00946391
0
0
-0.0049999
0
0
-0.000774115
0
0
0.000188872
0
0
0.000408664
0
0
0.0897678
0
0
0.843327
0
0
0.221192
0
0
0.161908
0
0
0.00115093
0
0
0.381594
0
0
-0.00862721
0
0
0.208079
0
0
0.104742
0
0
0.0976421
0
0
0.0003241
0
0
0.64276
0
0
0.000854395
0
0
-0.0076944
0
0
-0.000170246
0
0
0.692194
0
0
0.901722
0
0
0.190724
0
0
-0.0043612
0
0
-0.0152851
0
0
0.000706315
0
0
0.164481
0
0
-0.00953376
0
0
0.0471273
0
0
0.319193
0
0
-0.00215173
0
0
1.41737
0
0
3.241e-005
0
0
-0.000713207
0
0
2.06234
0
0
0.775739
0
0
-0.000173599
0
0
-0.00292603
0
0
1.21129
0
0
0.00669733
0
0
0.460166
0
0
-0.000773929
0
0
-0.00316668
0
0
1.77744
0
0
-0.000630133
0
0
0.00235792
0
0
0.000524707
0
0
0.00115465
0
0
-0.00320803
0
0
-0.000272505
0
0
0.180155
0
0
-0.0065092
0
0
-0.00127256
0
0
-0.00131261
0
0
0.000598654
0
0
-0.0088362
0
0
-0.000951067
0
0
-0.00168104
0
0
0.140364
0
0
0.460339
0
0
-0.00320803
0
0
-0.00833329
0
0
1.15904
0
0
-0.00269245
0
0
0.0474792
0
0
0.00858232
0
0
0.00256132
0
0
-0.00236388
0
0
0.00209324
0
0
-0.00949614
0
0
0.8243
0
0
-0.000443123
0
0
0.0052521
0
0
0.00120346
0
0
0.818985
0
0
0.00156723
0
0
0.393322
0
0
1.03336
0
0
-0.00396259
0
0
0.829776
0
0
-0.000766106
0
0
0.000298582
0
0
0.742457
0
0
-0.00224486
0
0
-0.00375491
0
0
0.00047721
0
0
-0.00469107
0
0
-0.00304561
0
0
0.0586485
0
0
-0.00909623
0
0
-0.00698194
0
0
-0.00556968
0
0
0.000627898
0
0
0.892819
0
0
9.14559e-005
0
0
1.11465
0
0
-0.00966638
0
0
0.955201
0
0
-0.00354294
0
0
0.00399947
0
0
0.000870787
0
0
2.27939
0
0
0.249413
0
0
1.38112
0
0
0.00130255
0
0
-0.0104638
0
0
-0.00429843
0
0
-0.00126492
0
0
-0.000409037
0
0
0.000248849
0
0
0.00216607
0
0
1.74965
0
0
0.148533
0
0
0.63644
0
0
0.0279257
0
0
0.0284702
0
0
1.31122
0
0
-0.000317954
0
0
-0.00427868
0
0
1.19582
0
0
0.123785
0
0
-0.00149217
0
0
1.9495
0
0
-0.000462309
0
0
0.466429
0
0
-0.00043232
0
0
0.00342503
0
0
0.719986
0
0
-0.000593811
0
0
0.000451878
0
0
1.1276
0
0
0.00124183
0
0
0.529847
0
0
-0.00119973
0
0
0.139643
0
0
-0.00234433
0
0
0.435806
0
0
1.56394
0
0
0.000754744
0
0
0.0673005
0
0
-0.000347383
0
0
-0.0054488
0
0
0.0622699
0
0
-0.00535138
0
0
-0.00145603
0
0
1.51103
0
0
-0.00281464
0
0
1.49489
0
0
-0.00104774
0
0
-0.000856444
0
0
1.22875
0
0
-0.00850745
0
0
8.79169e-005
0
0
0.0100786
0
0
-0.00058841
0
0
0.651821
0
0
-1.11759e-006
0
0
1.53311
0
0
1.00983
0
0
0.702656
0
0
-0.000108033
0
0
0.986015
0
0
0.0493877
0
0
0.126177
0
0
-0.00582971
0
0
-0.000122562
0
0
0.939544
0
0
-0.0018863
0
0
0.00298303
0
0
-0.000113249
0
0
-0.000683963
0
0
0.00111442
0
0
-0.00796001
0
0
0.00157077
0
0
0.00130199
0
0
-0.000457093
0
0
-0.00398457
0
0
-0.00500716
0
0
1.86906
0
0
0.644249
0
0
0.0391666
0
0
-0.000773743
0
0
0.0012571
0
0
-0.00131745
0
0
-0.000515953
0
0
0.00873357
0
0
0.394968
0
0
0.000874139
0
0
0.00433084
0
0
-0.00517089
0
0
1.73731
0
0
0.000539236
0
0
0.00130963
0
0
1.64039
0
0
-0.000533648
0
0
-0.000751764
0
0
-0.0101984
0
0
0.868253
0
0
-0.000598095
0
0
0.00070259
0
0
1.96602
0
0
0.000149012
0
0
0.116414
0
0
-0.00738204
0
0
0.0966202
0
0
-0.00925455
0
0
0.00679232
0
0
-0.0104958
0
0
0.716506
0
0
0.00123121
0
0
-0.00327453
0
0
-0.00137966
0
0
-0.000887923
0
0
-0.00164844
0
0
0.000694022
0
0
0.596343
0
0
0.00171382
0
0
0.000137463
0
0
0.00378583
0
0
-2.90573e-005
0
0
0.00140239
0
0
1.44802
0
0
0.00242274
0
0
0.943251
0
0
0.00145305
0
0
-0.00106487
0
0
1.52122
0
0
-0.00304803
0
0
0.00272878
0
0
-0.00171326
0
0
-0.000695325
0
0
0.118409
0
0
-0.00291001
0
0
-0.00618175
0
0
0.493815
0
0
-9.49949e-006
0
0
-0.00126492
0
0
-0.00885036
0
0
0.14568
0
0
1.00633
0
0
0.499964
0
0
1.735
0
0
0.436585
0
0
0.0692163
0
0
-0.00249017
0
0
-0.00893585
0
0
-0.00267047
0
0
-0.000686385
0
0
0.00211839
0
0
0.000303984
0
0
-0.00326801
0
0
-0.00368264
0
0
0.000407174
0
0
0.61705
0
0
0.1343
0
0
-0.000165403
0
0
0.00243373
0
0
0.00103805
0
0
-0.00157431
0
0
-0.00304114
0
0
-0.000929274
0
0
-0.00389684
0
0
1.01264
0
0
0.364807
0
0
-8.19564e-006
0
0
0.00720266
0
0
-0.00810642
0
0
0.00097733
0
0
1.59797
0
0
0.0100218
0
0
-0.00235289
0
0
0.00147764
0
0
-0.00513103
0
0
-0.00297781
0
0
-0.000695512
0
0
-0.00170395
0
0
1.55609
0
0
2.02369
0
0
7.26432e-005
0
0
-0.00747982
0
0
-0.00154376
0
0
-0.0029292
0
0
0.00285655
0
0
0.0011798
0
0
0.00404064
0
0
0.000444241
0
0
1.21835
0
0
0.000389293
0
0
0.788293
0
0
1.46879
0
0
0.844234
0
0
-0.00775531
0
0
0.000153482
0
0
-0.000452437
0
0
0.159059
0
0
-0.00359789
0
0
0.164603
0
0
-0.000404753
0
0
-0.00243057
0
0
-0.00340659
0
0
-0.00229646
0
0
-0.000806339
0
0
5.58794e-007
0
0
1.18147
0
0
0.383582
0
0
-0.000527129
0
0
1.14776
0
0
0.000754558
0
0
0.0535088
0
0
-0.0211615
0
0
1.77767
0
0
-0.000749342
0
0
-0.000728481
0
0
0.691815
0
0
-0.00685751
0
0
0.000112131
0
0
1.76676
0
0
-0.00230074
0
0
0.0114491
0
0
-0.00462569
0
0
1.63179
0
0
-0.00395477
0
0
-0.000857189
0
0
-0.00238065
0
0
0.00225455
0
0
-0.00220127
0
0
1.19455
0
0
0.000653975
0
0
-0.000166893
0
0
0.000987574
0
0
0.000763498
0
0
-0.0022525
0
0
1.5676
0
0
-0.00103284
0
0
-0.000526942
0
0
1.89706
0
0
0.067064
0
0
-0.0100572
0
0
0.00222307
0
0
0.831102
0
0
0.532621
0
0
0.000164285
0
0
0.00152756
0
0
0.000814721
0
0
0.000423193
0
0
-0.000976212
0
0
-0.00376124
0
0
-0.00261087
0
0
1.75325
0
0
-0.00478737
0
0
0.000325963
0
0
-0.0093786
0
0
1.31227
0
0
0.00369456
0
0
0.00204518
0
0
-0.0110894
0
0
-0.000123121
0
0
-0.00225678
0
0
-3.20375e-005
0
0
1.91806
0
0
0.783415
0
0
0.0285214
0
0
-0.012405
0
0
0.00135731
0
0
-0.00420194
0
0
1.1275
0
0
-0.000371784
0
0
-0.00743568
0
0
-0.000659749
0
0
0.000735372
0
0
0.00301488
0
0
0.00096336
0
0
-0.00361279
0
0
0.00447482
0
0
-0.00296272
0
0
1.59776
0
0
-0.0024274
0
0
-1.82539e-005
0
0
0.00112597
0
0
0.00257101
0
0
0.000689737
0
0
0.455169
0
0
0.000181049
0
0
0.202587
0
0
0.584419
0
0
-0.00645258
0
0
1.37465
0
0
0.378171
0
0
0.155349
0
0
0.00170413
0
0
-0.00685453
0
0
0.00430346
0
0
0.00012666
0
0
0.738041
0
0
0.000611879
0
0
-0.00713635
0
0
0.0329817
0
0
0.000341609
0
0
-0.00533964
0
0
0.000571646
0
0
0.0023311
0
0
-0.0021698
0
0
1.12169
0
0
0.001074
0
0
0.143056
0
0
-0.00629537
0
0
-0.00258945
0
0
0.159373
0
0
1.18425
0
0
-0.0013819
0
0
0.651228
0
0
1.05796
0
0
-0.012565
0
0
-0.00100899
0
0
0.00100564
0
0
-0.00296514
0
0
0.0102745
0
0
-0.00280347
0
0
0.0237858
0
0
0.306486
0
0
1.57881
0
0
1.44905
0
0
-0.000120699
0
0
0.000190921
0
0
0.362166
0
0
0.00119191
0
0
0.593714
0
0
0.00217464
0
0
0.000411458
0
0
0.411214
0
0
0.00525005
0
0
0.144633
0
0
0.207943
0
0
0.0335557
0
0
0.735495
0
0
-0.00450239
0
0
-0.00417568
0
0
-0.000987202
0
0
0.000928715
0
0
1.81125
0
0
2.0322
0
0
0.190175
0
0
1.73766
0
0
1.4237
0
0
-0.0136135
0
0
1.68628
0
0
-0.000614859
0
0
-0.000648014
0
0
-0.00106394
0
0
0.00161193
0
0
8.62405e-005
0
0
0.0329776
0
0
0.000768714
0
0
-0.000851229
0
0
1.17189
0
0
1.379
0
0
0.157634
0
0
-0.00744667
0
0
1.46262
0
0
0.00127144
0
0
-0.00136681
0
0
0.0264354
0
0
0.822645
0
0
-0.00323337
0
0
-0.00215545
0
0
0.31318
0
0
0.000370294
0
0
-0.00694506
0
0
0.420493
0
0
0.0101965
0
0
-0.000949204
0
0
-0.0036547
0
0
0.00109803
0
0
0.588203
0
0
0.000813417
0
0
1.9727
0
0
0.294682
0
0
1.0921
0
0
-0.016273
0
0
1.77073
0
0
-0.000269711
0
0
-0.000321493
0
0
1.78076
0
0
-0.00194069
0
0
0.000342354
0
0
-0.00685621
0
0
0.000769831
0
0
1.05041
0
0
1.40206
0
0
0.221994
0
0
-0.000188686
0
0
0.00115223
0
0
0.114667
0
0
0.00595115
0
0
-0.00581145
0
0
-0.00128765
0
0
-0.00572093
0
0
-0.000558794
0
0
0.0020653
0
0
-0.0130778
0
0
1.06728
0
0
0.0868255
0
0
1.65981
0
0
1.11289
0
0
0.00226367
0
0
0.000522844
0
0
0.190007
0
0
-0.000629574
0
0
-0.0142517
0
0
0.000179559
0
0
0.971384
0
0
6.85453e-005
0
0
9.33185e-005
0
0
0.00126846
0
0
-0.00839569
0
0
0.229548
0
0
-0.00333935
0
0
0.10487
0
0
-0.0121409
0
0
-0.00385568
0
0
-0.00243597
0
0
1.51057
0
0
0.0289818
0
0
-0.00435878
0
0
-0.000128895
0
0
-0.0049416
0
0
0.177921
0
0
-0.000201911
0
0
-0.0079494
0
0
-0.00498705
0
0
-0.00195801
0
0
0.00174884
0
0
0.524885
0
0
1.1621
0
0
0.161547
0
0
0.0542924
0
0
-0.00567269
0
0
0.762948
0
0
0.492996
0
0
0.118152
0
0
1.89529
0
0
-0.00258647
0
0
-0.00530891
0
0
0.000390038
0
0
-0.000197254
0
0
0.00162665
0
0
-0.000135973
0
0
0.000820123
0
0
-0.000498816
0
0
0.534106
0
0
0.258648
0
0
1.35547
0
0
-0.0116797
0
0
0.893588
0
0
0.746549
0
0
2.15221
0
0
-0.000609457
0
0
0.476175
0
0
0.000519119
0
0
-0.00182856
0
0
0.0079954
0
0
0.00021942
0
0
-0.000798889
0
0
2.27564
0
0
1.67949
0
0
0.000229664
0
0
0.653065
0
0
1.46891
0
0
-0.000195578
0
0
-0.00323765
0
0
0.0550043
0
0
0.000432879
0
0
0.0570778
0
0
9.05246e-005
0
0
-0.000195764
0
0
1.91852e-005
0
0
-0.0049999
0
0
0.0408433
0
0
-0.0135047
0
0
-0.00864062
0
0
0.404623
0
0
1.69527
0
0
0.000447594
0
0
0.00361688
0
0
1.57953
0
0
0.982644
0
0
-0.00314619
0
0
0.000953302
0
0
-0.000235438
0
0
0.00238232
0
0
0.337476
0
0
-0.000501983
0
0
-0.00104588
0
0
0.00119805
0
0
0.133011
0
0
-0.00101458
0
0
-0.00896938
0
0
-0.00329558
0
0
-0.00732932
0
0
0.00148285
0
0
0.154119
0
0
-0.00252426
0
0
-0.000856631
0
0
-0.0120362
0
0
0.000560842
0
0
1.49129
0
0
-0.0081785
0
0
0.00268705
0
0
1.58061
0
0
0.0154529
0
0
0.0752745
0
0
0.383965
0
0
0.0399673
0
0
-0.002262
0
0
2.20563
0
0
1.55404
0
0
-0.000266172
0
0
1.87674
0
0
0.0272425
0
0
0.0797033
0
0
-0.00186935
0
0
0.142094
0
0
0.190444
0
0
-0.000211038
0
0
-0.00258274
0
0
0.105714
0
0
0.000716746
0
0
-0.000290759
0
0
-0.000737049
0
0
0.000649691
0
0
0.00108406
0
0
0.00079032
0
0
0.121118
0
0
0.631822
0
0
-0.00085067
0
0
1.15674
0
0
1.07463
0
0
-0.000879727
0
0
-0.00087209
0
0
1.95159
0
0
-5.92321e-005
0
0
0.00159033
0
0
-0.00114255
0
0
1.16642
0
0
0.0170331
0
0
-0.00254121
0
0
0.299465
0
0
1.76376
0
0
0.0921508
0
0
1.44921
0
0
-0.00332631
0
0
-0.000468828
0
0
-0.000753812
0
0
-0.00182483
0
0
0.143512
0
0
-0.0120828
0
0
1.78165
0
0
0.00351761
0
0
-0.00180937
0
0
0.000513345
0
0
-0.00656918
0
0
-0.00188015
0
0
-0.00485424
0
0
-0.00413824
0
0
0.000599958
0
0
-0.00443049
0
0
0.00127815
0
0
0.00020247
0
0
0.0015337
0
0
0.172931
0
0
-0.00131968
0
0
0.000893138
0
0
0.319984
0
0
-0.00474863
0
0
0.789867
0
0
0.00421051
0
0
1.99213
0
0
-0.000756048
0
0
-0.00111107
0
0
0.001348
0
0
-0.0167944
0
0
1.54732
0
0
-0.00427663
0
0
0.000860356
0
0
0.000839494
0
0
0.0633435
0
0
8.97795e-005
0
0
0.00190847
0
0
1.98243
0
0
0.0642359
0
0
0.842789
0
0
0.310742
0
0
0.467439
0
0
0.818271
0
0
0.00026077
0
0
0.24654
0
0
0.0640485
0
0
1.17744
0
0
0.00241939
0
0
0.388321
0
0
0.0372337
0
0
1.91228
0
0
-0.00198502
0
0
-0.000369921
0
0
-0.00138972
0
0
-0.000362843
0
0
0.00257939
0
0
1.01542
0
0
-0.00452679
0
0
-0.00494309
0
0
0.30673
0
0
9.6485e-005
0
0
-0.019962
0
0
0.00169221
0
0
0.000838563
0
0
-0.00211671
0
0
-0.00199564
0
0
0.00489932
0
0
-0.000353344
0
0
0.0426874
0
0
0.00233259
0
0
0.334815
0
0
0.304077
0
0
0.0832058
0
0
1.30781
0
0
0.000645593
0
0
-0.00778884
0
0
-0.00119749
0
0
-0.00396464
0
0
-0.00130851
0
0
-0.00103172
0
0
-0.00233129
0
0
0.0714334
0
0
-0.0015229
0
0
1.92565
0
0
1.73329
0
0
0.670595
0
0
0.000853464
0
0
0.56116
0
0
-0.00301693
0
0
0.207983
0
0
0.571951
0
0
0.000700168
0
0
-0.00144653
0
0
-0.00154655
0
0
0.00103395
0
0
0.00188071
0
0
-0.00334084
0
0
0.607742
0
0
-0.000697002
0
0
0.000178441
0
0
0.000981241
0
0
-0.000409596
0
0
-0.0102084
0
0
0.559048
0
0
-0.00325553
0
0
-0.00105761
0
0
0.41225
0
0
-0.00203066
0
0
0.000678003
0
0
0.0344703
0
0
1.68095
0
0
0.112625
0
0
-0.00104364
0
0
-0.00844765
0
0
1.57113
0
0
1.62871
0
0
0.868497
0
0
-0.000567734
0
0
-0.0011446
0
0
0.00305437
0
0
0.000770576
0
0
0.00124052
0
0
0.385129
0
0
0.000859983
0
0
1.98965
0
0
0.000153109
0
0
0.00149235
0
0
0.991049
0
0
0.662493
0
0
-0.010322
0
0
0.00349768
0
0
0.397569
0
0
0.0820143
0
0
1.5773
0
0
-0.000771135
0
0
-0.00574719
0
0
-0.00998937
0
0
1.67845
0
0
0.000119023
0
0
0.00335667
0
0
-0.00251271
0
0
0.000883825
0
0
0.00037346
0
0
-6.46338e-005
0
0
-0.000238419
0
0
0.00140909
0
0
0.000789389
0
0
0.00168141
0
0
0.0018945
0
0
0.055242
0
0
-0.00199545
0
0
-0.000337511
0
0
0.364764
0
0
0.00105444
0
0
0.327656
0
0
1.60799
0
0
0.466849
0
0
0.000278465
0
0
0.0513073
0
0
0.000414997
0
0
-0.0010822
0
0
0.00129621
0
0
0.00162106
0
0
-0.0026878
0
0
0.415737
0
0
-0.00601579
0
0
0.000747293
0
0
1.80201
0
0
-0.000618957
0
0
0.000244752
0
0
0.0606611
0
0
0.425308
0
0
0.00216309
0
0
0.0885904
0
0
1.67693
0
0
1.23883
0
0
0.41155
0
0
0.00161808
0
0
1.19303
0
0
-0.000395812
0
0
0.12865
0
0
0.3304
0
0
1.14993
0
0
0.65061
0
0
-0.00735
0
0
-0.00356175
0
0
4.82425e-005
0
0
1.24357
0
0
0.00133477
0
0
0.0143558
0
0
-0.00088159
0
0
0.000988692
0
0
2.23578
0
0
-9.49949e-006
0
0
0.190964
0
0
0.000765175
0
0
-0.0164822
0
0
-0.000391155
0
0
-0.00128541
0
0
1.24513
0
0
-0.00117254
0
0
0.172883
0
0
-0.00197347
0
0
-0.000647828
0
0
0.228192
0
0
-0.00100005
0
0
0.00257567
0
0
-0.000508688
0
0
-0.0073161
0
0
-0.00360161
0
0
-0.0209281
0
0
-0.00232961
0
0
-0.000340864
0
0
0.000330433
0
0
-0.00212695
0
0
0.0123067
0
0
0.000723265
0
0
-0.000167079
0
0
-0.00248086
0
0
-0.00014063
0
0
0.000100397
0
0
0.0846632
0
0
2.71946e-005
0
0
0.0054054
0
0
0.886549
0
0
0.00181217
0
0
0.000700541
0
0
1.68389
0
0
0.632102
0
0
-0.00299532
0
0
0.242534
0
0
0.000830181
0
0
-0.000285171
0
0
0.985652
0
0
0.07798
0
0
0.335463
0
0
-0.00210665
0
0
-0.00322778
0
0
-0.00993349
0
0
0.00219308
0
0
-0.00170507
0
0
-4.17233e-005
0
0
-6.14673e-005
0
0
0.327992
0
0
7.45058e-005
0
0
-0.00989288
0
0
0.0602674
0
0
-0.00260137
0
0
-0.00564232
0
0
1.02587
0
0
-0.00681784
0
0
1.33747
0
0
0.00131354
0
0
0.000383519
0
0
1.34287
0
0
1.87349
0
0
0.000682473
0
0
-0.00524279
0
0
-0.00743754
0
0
0.00408813
0
0
1.14076
0
0
0.00458062
0
0
0.000814907
0
0
1.95738
0
0
-0.0018429
0
0
0.00108648
0
0
0.000963174
0
0
0.00495818
0
0
0.000158884
0
0
-0.000385009
0
0
-3.37139e-005
0
0
0.000463985
0
0
0.524251
0
0
-0.000923499
0
0
-0.00167154
0
0
0.0108769
0
0
0.291067
0
0
0.0356229
0
0
-6.7614e-005
0
0
0.00344682
0
0
-0.00247899
0
0
1.05359
0
0
0.00205599
0
0
0.00185519
0
0
0.402823
0
0
-0.00117347
0
0
0.290695
0
0
0.112868
0
0
-0.00670291
0
0
-0.00481252
0
0
0.000270829
0
0
0.109135
0
0
0.00148192
0
0
0.0242814
0
0
0.00254493
0
0
0.457401
0
0
0.107196
0
0
0.00106879
0
0
-1.09896e-005
0
0
1.13813
0
0
0.00274461
0
0
0.000469759
0
0
-0.00199396
0
0
0.0336677
0
0
0.625245
0
0
0.000984594
0
0
0.000617839
0
0
-0.00115801
0
0
1.68394
0
0
1.71015
0
0
-0.00291523
0
0
-0.00215117
0
0
0.102249
0
0
-0.00323188
0
0
0.307946
0
0
0.255469
0
0
0.00800081
0
0
0.00490434
0
0
0.00988357
0
0
0.687995
0
0
0.560684
0
0
4.1537e-005
0
0
0.0186283
0
0
1.67992
0
0
-0.0110945
0
0
-0.00248849
0
0
0.965299
0
0
0.00841897
0
0
0.815359
0
0
0.00493377
0
0
0.398655
0
0
0.310173
0
0
0.000591949
0
0
-0.000845455
0
0
1.26816
0
0
0.400982
0
0
0.115771
0
0
0.749018
0
0
0.441401
0
0
0.292124
0
0
-0.000542775
0
0
0.555235
0
0
0.859862
0
0
-0.00248719
0
0
-0.00199098
0
0
0.0792526
0
0
0.181526
0
0
-0.00283886
0
0
0.0062963
0
0
1.23759
0
0
0.00265185
0
0
-2.29105e-005
0
0
0.058664
0
0
0.774219
0
0
-7.33882e-005
0
0
1.46095
0
0
1.23444
0
0
0.00243653
0
0
0.525126
0
0
-0.000705384
0
0
0.00244789
0
0
0.733047
0
0
0.00182912
0
0
-0.00165589
0
0
0.1591
0
0
0.00159163
0
0
-0.0170188
0
0
-0.0109123
0
0
0.000270456
0
0
6.59376e-005
0
0
0.00385623
0
0
0.0143817
0
0
0.364175
0
0
0.61292
0
0
-0.00223741
0
0
-0.00127554
0
0
-0.0142591
0
0
0.00155866
0
0
0.0690347
0
0
-0.00639986
0
0
0.00177138
0
0
0.00185408
0
0
0.632489
0
0
-0.00166018
0
0
-0.00549126
0
0
0.0101248
0
0
-0.0025738
0
0
0.0118662
0
0
0.154356
0
0
1.50164
0
0
-0.00769813
0
0
-0.000530295
0
0
0.800471
0
0
0.00473913
0
0
1.39801
0
0
0.00257995
0
0
0.0193367
0
0
-0.00443272
0
0
1.97125
0
0
1.67162
0
0
-0.000162609
0
0
1.2833
0
0
-0.00352263
0
0
0.00135098
0
0
0.011676
0
0
-0.00108816
0
0
0.000759028
0
0
0.000973418
0
0
0.0366606
0
0
-0.00060685
0
0
0.00194293
0
0
1.19021
0
0
-0.0012096
0
0
-0.00181124
0
0
0.422546
0
0
0.00038594
0
0
0.00317767
0
0
0.000974722
0
0
-0.003599
0
0
0.000422448
0
0
-0.00333544
0
0
-0.000607222
0
0
0.713057
0
0
0.00177752
0
0
0.385009
0
0
0.00459533
0
0
1.33195
0
0
-0.000594184
0
0
-0.00240933
0
0
0.99562
0
0
0.270201
0
0
0.653059
0
0
0.00780206
0
0
0.0287306
0
0
-0.00116639
0
0
0.121844
0
0
-0.00159051
0
0
-0.00167452
0
0
-6.89179e-005
0
0
0.00196509
0
0
0.000782497
0
0
0.313518
0
0
-0.000257418
0
0
0.585968
0
0
0.00176504
0
0
-0.000950135
0
0
-0.00148471
0
0
-0.00113286
0
0
0.809788
0
0
-0.0024531
0
0
0.46944
0
0
0.00144895
0
0
-0.0111051
0
0
0.00045076
0
0
1.89659
0
0
0.00298973
0
0
0.296268
0
0
0.127695
0
0
-0.00484027
0
0
-0.00296663
0
0
-0.00122096
0
0
1.89072
0
0
-0.000305288
0
0
1.33187
0
0
1.45849
0
0
0.805715
0
0
0.216131
0
0
0.29336
0
0
-0.0015026
0
0
2.02055
0
0
-0.00162236
0
0
-0.00689831
0
0
0.152415
0
0
-0.000917725
0
0
-0.00309441
0
0
-0.000858866
0
0
1.53602
0
0
-0.000617839
0
0
-0.00210721
0
0
0.161661
0
0
-0.00655726
0
0
1.78871
0
0
1.62479
0
0
1.40325
0
0
-0.00403542
0
0
0.575976
0
0
-0.00050161
0
0
1.49383
0
0
-0.00334084
0
0
0.00349674
0
0
1.21663
0
0
-0.00488907
0
0
0.0247927
0
0
-0.00157412
0
0
-0.00077486
0
0
0.00200514
0
0
0.000178441
0
0
1.08416
0
0
0.281848
0
0
1.04018
0
0
0.0334572
0
0
1.60356
0
0
0.000382401
0
0
0.312318
0
0
-0.000925921
0
0
-5.58794e-005
0
0
0.403291
0
0
0.0111185
0
0
0.0515435
0
0
0.000122003
0
0
0.00148285
0
0
0.520251
0
0
0.0472261
0
0
-0.000674091
0
0
2.18503
0
0
0.870875
0
0
-0.000290014
0
0
1.24774
0
0
-0.000608526
0
0
-0.00482872
0
0
0.00229347
0
0
1.50545
0
0
0.981521
0
0
-0.00027027
0
0
0.000450015
0
0
0.164925
0
0
0.000658631
0
0
-0.00310708
0
0
-0.000493787
0
0
-0.00567101
0
0
0.00167713
0
0
0.0281416
0
0
-0.0014659
0
0
0.000106357
0
0
0.00011418
0
0
0.891758
0
0
-0.00586845
0
0
0.0547899
0
0
-0.00113975
0
0
-0.00474434
0
0
-0.00132397
0
0
0.0610014
0
0
0.000358932
0
0
0.000821985
0
0
0.01691
0
0
1.44076
0
0
0.00234731
0
0
0.110079
0
0
-0.00211205
0
0
0.783026
0
0
0.00107903
0
0
0.000409596
0
0
0.012067
0
0
0.00113472
0
0
-0.00210386
0
0
0.0101227
0
0
0.0050826
0
0
0.732785
0
0
0.000692345
0
0
-0.00473708
0
0
-4.54485e-005
0
0
-0.00369437
0
0
0.0752319
0
0
0.000888295
0
0
0.547676
0
0
-0.000683777
0
0
0.174601
0
0
-0.000667758
0
0
0.0012869
0
0
0.00518002
0
0
-4.48897e-005
0
0
-0.00252537
0
0
0.00100099
0
0
-0.000687316
0
0
-0.000296347
0
0
-0.00621658
0
0
1.54342
0
0
0.034265
0
0
-0.00102017
0
0
-0.00343658
0
0
0.00155829
0
0
1.02374
0
0
1.4609
0
0
0.00529345
0
0
0.515097
0
0
-0.00122134
0
0
-0.00203811
0
0
-0.000958145
0
0
-0.000833161
0
0
0.00404194
0
0
0.530835
0
0
0.00120811
0
0
0.823227
0
0
-0.00239331
0
0
-0.00870526
0
0
0.00645667
0
0
-0.00781454
0
0
0.12975
0
0
-0.000540726
0
0
-0.00500344
0
0
-0.00114944
0
0
0.439954
0
0
0.524732
0
0
0.00289548
0
0
0.174226
0
0
2.19216
0
0
0.00101179
0
0
2.19792e-005
0
0
0.0258794
0
0
0.00175759
0
0
-0.00277702
0
0
0.000149384
0
0
-0.00290368
0
0
-0.00574887
0
0
1.78144
0
0
0.00224058
0
0
0.00337735
0
0
0.00149775
0
0
0.306951
0
0
-0.000508688
0
0
0.138558
0
0
0.491328
0
0
0.191029
0
0
0.00169799
0
0
1.33833
0
0
-1.41561e-005
0
0
0.033664
0
0
1.79581
0
0
0.167634
0
0
0.47108
0
0
-0.00293739
0
0
0.212882
0
0
1.88064
0
0
0.286515
0
0
0.0417367
0
0
0.00348147
0
0
-0.00185147
0
0
0.519826
0
0
-0.00224821
0
0
-0.00118818
0
0
0.000506639
0
0
0.00236724
0
0
0.00295006
0
0
0.582217
0
0
0.00653733
0
0
0.408088
0
0
2.26951
0
0
0.0552658
0
0
0.00496954
0
0
0.810688
0
0
-0.00156239
0
0
-0.000621751
0
0
-0.000420026
0
0
0.85186
0
0
0.989577
0
0
0.000652298
0
0
0.000774115
0
0
-0.000602752
0
0
0.00246596
0
0
-0.0130126
0
0
-0.00171307
0
0
-0.00153482
0
0
0.615029
0
0
1.311
0
0
-0.000359304
0
0
0.114973
0
0
1.41704
0
0
-0.000108406
0
0
0.00162534
0
0
0.000241213
0
0
-0.00172164
0
0
0.331365
0
0
0.00680592
0
0
1.82168
0
0
0.326297
0
0
0.020678
0
0
0.00784118
0
0
-0.010423
0
0
0.002997
0
0
-0.00254642
0
0
0.000644289
0
0
-0.000837259
0
0
0.525122
0
0
0.00163149
0
0
0.236895
0
0
-0.00313334
0
0
0.0211991
0
0
1.0509
0
0
0.942888
0
0
0.00235233
0
0
0.000407919
0
0
-0.00547841
0
0
0.00558868
0
0
0.00160579
0
0
0.968474
0
0
-0.00297576
0
0
1.22139
0
0
0.000421144
0
0
0.657152
0
0
0.495273
0
0
0.460983
0
0
0.0163214
0
0
-0.00048317
0
0
-0.00775866
0
0
0.0683283
0
0
0.0259425
0
0
1.06458
0
0
0.000272505
0
0
0.00308417
0
0
0.0698617
0
0
0.000236928
0
0
0.0011351
0
0
0.883543
0
0
-0.00101961
0
0
-0.00118613
0
0
0.000557303
0
0
-0.000905618
0
0
-0.00177156
0
0
0.0506205
0
0
-0.00136197
0
0
0.00375044
0
0
-0.00553187
0
0
-0.00262279
0
0
-0.000200048
0
0
-0.00284202
0
0
-0.0149963
0
0
-0.00182781
0
0
1.65287
0
0
-0.000833347
0
0
0.000537187
0
0
-0.000732578
0
0
0.000245683
0
0
1.82356
0
0
1.77189
0
0
-7.82311e-006
0
0
0.000921637
0
0
0.0906935
0
0
2.0585
0
0
-0.00197161
0
0
1.69585
0
0
-8.90344e-005
0
0
0.175427
0
0
0.0643564
0
0
0.000514463
0
0
-0.00287239
0
0
0.00178032
0
0
-0.00159442
0
0
1.54088
0
0
0.611798
0
0
-0.000447035
0
0
1.4092
0
0
-0.00648685
0
0
1.64148
0
0
-0.00417493
0
0
0.00104699
0
0
1.67638e-006
0
0
0.803926
0
0
0.00460576
0
0
0.0782764
0
0
-0.000375882
0
0
0.0285868
0
0
0.102269
0
0
0.000672415
0
0
-0.000573508
0
0
1.1661
0
0
0.000594929
0
0
-0.000177324
0
0
1.50057
0
0
0.00335705
0
0
-0.00314601
0
0
1.24263
0
0
0.147922
0
0
0.000562519
0
0
0.392343
0
0
-0.00422373
0
0
0.0152159
0
0
0.00108946
0
0
1.00837
0
0
0.0014469
0
0
0.000661984
0
0
0.300452
0
0
0.000725128
0
0
1.49935
0
0
1.28514
0
0
0.000902824
0
0
0.000889786
0
0
0.30304
0
0
1.83323
0
0
-0.00134427
0
0
-0.00638906
0
0
1.76216
0
0
-0.00198074
0
0
0.568839
0
0
0.00247248
0
0
0.000234693
0
0
-0.000111572
0
0
0.353299
0
0
-0.00121202
0
0
1.78371
0
0
-0.00485685
0
0
1.57707
0
0
1.48374
0
0
0.152172
0
0
-0.0020545
0
0
0.00158399
0
0
-0.000965968
0
0
0.00195689
0
0
0.366814
0
0
0.000362098
0
0
0.000842288
0
0
0.00138227
0
0
-0.00242684
0
0
0.175747
0
0
0.00414997
0
0
-0.0028953
0
0
0.000829622
0
0
-0.00203922
0
0
0.000337884
0
0
-0.000475533
0
0
-9.23872e-005
0
0
0.0483895
0
0
-0.00872873
0
0
1.00935
0
0
0.309808
0
0
7.37607e-005
0
0
-9.574e-005
0
0
-0.00724941
0
0
0.0795893
0
0
0.00216179
0
0
-0.0118701
0
0
0.00423994
0
0
-0.000676326
0
0
-0.00198781
0
0
1.16653
0
0
0.00563804
0
0
-0.000339001
0
0
-0.000296347
0
0
0.000489689
0
0
0.000165217
0
0
0.000535883
0
0
-0.000305288
0
0
-0.00227075
0
0
-0.00234582
0
0
1.89665
0
0
0.0175733
0
0
0.00945069
0
0
0.462429
0
0
0.00772085
0
0
0.00683386
0
0
-0.00316761
0
0
0.000340864
0
0
-0.00430364
0
0
-0.00169724
0
0
0.115893
0
0
1.81938
0
0
0.0390673
0
0
1.54927
0
0
0.00212844
0
0
-0.00103191
0
0
0.00189878
0
0
1.49248
0
0
-0.000627525
0
0
-0.000587851
0
0
-0.00189953
0
0
-0.000427663
0
0
0.00446606
0
0
0.00112932
0
0
-0.00483431
0
0
0.0887414
0
0
0.488047
0
0
0.00387765
0
0
-0.00143293
0
0
0.00310335
0
0
0.000285357
0
0
-0.00211783
0
0
-0.00186767
0
0
-0.000226311
0
0
-0.00188425
0
0
-0.00827629
0
0
0.00323113
0
0
-0.000180304
0
0
0.00497606
0
0
-0.00620261
0
0
-0.00478756
0
0
0.00086017
0
0
0.0234399
0
0
0.0614056
0
0
-0.000874512
0
0
0.0564231
0
0
-0.000196882
0
0
0.0161283
0
0
0.174312
0
0
1.69716
0
0
0.000990741
0
0
-0.00269804
0
0
0.015229
0
0
0.000846758
0
0
0.301242
0
0
1.94186
0
0
0.449562
0
0
0.646137
0
0
0.000594929
0
0
-0.000570528
0
0
-0.000378489
0
0
-0.000539236
0
0
0.00192653
0
0
1.29317
0
0
0.922146
0
0
9.38773e-005
0
0
0.000216067
0
0
0.00277199
0
0
1.12091
0
0
-0.00101048
0
0
0.00161808
0
0
0.000212155
0
0
-0.00374652
0
0
0.0586651
0
0
-0.00124909
0
0
-0.000212714
0
0
-0.00215508
0
0
0.00115186
0
0
-0.000810064
0
0
-0.00224784
0
0
0.000529177
0
0
0.0136977
0
0
0.0199158
0
0
0.00145324
0
0
0.145142
0
0
0.000650808
0
0
0.078791
0
0
0.000469014
0
0
0.774179
0
0
0.858597
0
0
0.00281837
0
0
1.79436
0
0
0.600518
0
0
0.128255
0
0
0.00269283
0
0
0.252873
0
0
0.312491
0
0
-4.13507e-005
0
0
0.00155512
0
0
0.00112243
0
0
1.53855
0
0
-0.00102911
0
0
-0.0113968
0
0
0.0403445
0
0
-0.0030132
0
0
0.00111461
0
0
0.000744313
0
0
0.181849
0
0
1.71175
0
0
0.931925
0
0
0.00827704
0
0
0.00068862
0
0
0.215233
0
0
-0.00270363
0
0
0.28082
0
0
-0.00248645
0
0
-0.000155903
0
0
0.00372734
0
0
0.377655
0
0
0.587228
0
0
0.0413924
0
0
0.00379439
0
0
0.0123464
0
0
2.04455
0
0
0.306243
0
0
1.24454
0
0
-0.000560284
0
0
-0.00112746
0
0
-0.00412241
0
0
0.000350736
0
0
0.0555232
0
0
0.000147708
0
0
-0.00251196
0
0
0.338026
0
0
1.84487
0
0
6.25849e-005
0
0
-0.00692327
0
0
0.00111479
0
0
1.74906
0
0
-0.00207014
0
0
0.000318885
0
0
-0.00101589
0
0
-0.00292398
0
0
-0.000676326
0
0
-0.000198185
0
0
-0.000141189
0
0
0.000763685
0
0
0.00206754
0
0
-0.000314787
0
0
-0.000411831
0
0
2.18207
0
0
0.579954
0
0
1.11346
0
0
-0.000138767
0
0
0.00161175
0
0
-0.00232775
0
0
0.00405144
0
0
-0.00305511
0
0
0.102921
0
0
-0.00112746
0
0
0.272062
0
0
-0.00337921
0
0
0.927613
0
0
0.133415
0
0
-0.000683777
0
0
0.000919029
0
0
-0.00291932
0
0
0.24205
0
0
-0.00122227
0
0
-0.000955351
0
0
-0.000214204
0
0
0.276884
0
0
0.240523
0
0
0.00159238
0
0
0.11918
0
0
0.00250489
0
0
0.0529027
0
0
-0.000750087
0
0
-0.00385232
0
0
-0.000295416
0
0
-0.0001017
0
0
0.000411831
0
0
0.0247905
0
0
-0.00153016
0
0
0.709145
0
0
0.235018
0
0
0.000886992
0
0
0.43418
0
0
0.545761
0
0
0.609634
0
0
0.623607
0
0
-0.00583008
0
0
0.83497
0
0
0.000510365
0
0
0.00303853
0
0
0.000561215
0
0
0.11806
0
0
4.2282e-005
0
0
0.000231527
0
0
-0.000543334
0
0
-0.000119396
0
0
0.000509992
0
0
0.000707805
0
0
0.00239629
0
0
0.903918
0
0
-0.00444781
0
0
0.000952184
0
0
0.00214856
0
0
0.191659
0
0
-0.00150558
0
0
0.356685
0
0
0.198728
0
0
1.37587
0
0
1.60465
0
0
0.0291349
0
0
0.631641
0
0
0.376288
0
0
0.444641
0
0
-0.000672974
0
0
0.00135489
0
0
-0.0083467
0
0
0.0229741
0
0
-0.00125226
0
0
0.0890132
0
0
-0.00845119
0
0
0.0217613
0
0
0.0025237
0
0
0.00338126
0
0
-0.000572391
0
0
0.480445
0
0
0.000272505
0
0
1.12202
0
0
0.832236
0
0
0.276816
0
0
0.00729263
0
0
-0.00129491
0
0
0.734926
0
0
-0.0158856
0
0
0.482803
0
0
0.241217
0
0
0.00468083
0
0
-0.00132658
0
0
-0.000216626
0
0
1.23517
0
0
2.07905
0
0
-5.99772e-005
0
0
1.39763
0
0
1.39192
0
0
2.05415
0
0
0.541279
0
0
-0.0011418
0
0
0.0244597
0
0
0.00210647
0
0
0.000939146
0
0
1.92962
0
0
0.204151
0
0
-0.00322703
0
0
0.00266843
0
0
0.00363309
0
0
-0.00143982
0
0
-0.000437908
0
0
0.00157673
0
0
-0.00130944
0
0
2.05668
0
0
0.920927
0
0
0.00832342
0
0
0.186928
0
0
0.00472162
0
0
-0.00100452
0
0
6.03497e-005
0
0
0.118873
0
0
0.000550039
0
0
0.00307113
0
0
-0.00122916
0
0
-0.000408664
0
0
0.00545867
0
0
1.26592
0
0
-0.0011934
0
0
-5.64381e-005
0
0
-0.00358708
0
0
0.0011405
0
0
0.88958
0
0
0.00469815
0
0
-0.000181049
0
0
0.015221
0
0
0.000516139
0
0
0.000508875
0
0
1.95151
0
0
-0.000393949
0
0
-7.15256e-005
0
0
1.45973
0
0
0.000972301
0
0
0.00625104
0
0
0.0014184
0
0
1.25853
0
0
-0.000437535
0
0
0.115826
0
0
0.00173151
0
0
0.00059884
0
0
0.00208486
0
0
1.44644
0
0
0.00895839
0
0
0.0141427
0
0
1.94942
0
0
0.260535
0
0
0.304222
0
0
1.59979
0
0
0.514008
0
0
0.0110954
0
0
0.0255298
0
0
0.00106785
0
0
1.68444
0
0
0.297411
0
0
-0.00255108
0
0
0.792166
0
0
0.00260212
0
0
-0.00327509
0
0
0.674433
0
0
0.377919
0
0
-0.00164621
0
0
-0.000564754
0
0
0.358669
0
0
1.17863
0
0
0.000697002
0
0
0.000216253
0
0
0.00437573
0
0
0.00493471
0
0
0.00406895
0
0
0.000597164
0
0
-0.000227056
0
0
0.0454068
0
0
0.713422
0
0
0.000399724
0
0
1.42927
0
0
0.0851534
0
0
0.302548
0
0
0.0652466
0
0
1.36925
0
0
1.01297
0
0
1.27253
0
0
0.635915
0
0
0.000801869
0
0
-0.00442695
0
0
0.80675
0
0
0.000921637
0
0
0.000825152
0
0
0.000155531
0
0
1.63962
0
0
1.85264
0
0
0.266522
0
0
0.0031231
0
0
0.270346
0
0
0.890438
0
0
0.000577234
0
0
1.02929
0
0
0.768096
0
0
0.000152178
0
0
-0.00109393
0
0
0.740123
0
0
0.000698678
0
0
0.619977
0
0
0.000399724
0
0
0.0105994
0
0
0.000972301
0
0
-0.000187755
0
0
0.000792183
0
0
0.980338
0
0
-0.000775978
0
0
-0.000500679
0
0
0.0263283
0
0
0.00378266
0
0
0.0993302
0
0
1.75352
0
0
1.04798
0
0
1.5176
0
0
-0.00188388
0
0
0.000814162
0
0
-0.00154544
0
0
0.00149626
0
0
0.000252202
0
0
0.033642
0
0
0.118531
0
0
0.346521
0
0
-0.00114422
0
0
0.144563
0
0
0.0107713
0
0
-0.00568535
0
0
0.000919402
0
0
-0.000152737
0
0
0.927816
0
0
0.00252444
0
0
1.46731
0
0
-0.00360124
0
0
0.000194274
0
0
-0.00149384
0
0
0.675575
0
0
-0.000946037
0
0
-0.00221245
0
0
0.0097109
0
0
-0.00127777
0
0
-0.00296086
0
0
-0.0010673
0
0
0.0285011
0
0
-0.000390224
0
0
0.00325982
0
0
0.0140222
0
0
0.318118
0
0
0.00063926
0
0
0.0384074
0
0
0.198147
0
0
0.00325739
0
0
0.651571
0
0
-0.0128699
0
0
-0.000358187
0
0
-0.00121202
0
0
0.0171561
0
0
0.828644
0
0
-0.0013262
0
0
0.682216
0
0
0.000981055
0
0
0.105647
0
0
1.08148
0
0
0.676129
0
0
0.352265
0
0
0.619109
0
0
0.904407
0
0
0.134735
0
0
9.77889e-005
0
0
1.0081
0
0
-0.00227317
0
0
0.000151247
0
0
0.544937
0
0
0.18598
0
0
0.00176914
0
0
0.00382289
0
0
0.00254512
0
0
0.00134241
0
0
0.000795536
0
0
0.501292
0
0
-0.00153724
0
0
0.104326
0
0
0.000413693
0
0
-0.008329
0
0
0.0030715
0
0
-0.000415184
0
0
0.322878
0
0
1.71225
0
0
-0.00697281
0
0
1.4565
0
0
-5.21541e-006
0
0
0.000697188
0
0
0.00108536
0
0
0.00521094
0
0
0.000809878
0
0
-0.000583939
0
0
-0.000277162
0
0
-0.00262167
0
0
-0.00911597
0
0
0.00466015
0
0
0.000266358
0
0
-0.000547431
0
0
0.0142105
0
0
2.04287
0
0
0.00115316
0
0
0.000321306
0
0
0.743153
0
0
5.60656e-005
0
0
1.383
0
0
0.822407
0
0
0.000288896
0
0
0.156992
0
0
-0.000179745
0
0
0.675295
0
0
0.00112541
0
0
-2.86847e-005
0
0
-0.00059884
0
0
0.00020247
0
0
0.000224076
0
0
0.400168
0
0
-0.000582822
0
0
-0.00121351
0
0
0.00846051
0
0
0.000401214
0
0
-0.00112224
0
0
0.64147
0
0
-0.00156201
0
0
1.88165
0
0
-0.000513345
0
0
1.86496
0
0
-2.42144e-005
0
0
1.97129
0
0
0.0233112
0
0
0.16068
0
0
0.656042
0
0
0.270375
0
0
-0.00067912
0
0
0.000247732
0
0
0.465979
0
0
0.658224
0
0
-0.000840798
0
0
0.000241958
0
0
0.0351854
0
0
1.28361
0
0
0.00125133
0
0
0.00504348
0
0
-0.00387896
0
0
0.227554
0
0
-0.000428222
0
0
1.65776
0
0
1.53819
0
0
0.00207201
0
0
2.18512
0
0
0.00460222
0
0
-0.00247601
0
0
-9.68575e-005
0
0
-0.000754371
0
0
0.000681914
0
0
1.07051
0
0
0.463115
0
0
0.0297301
0
0
-0.000660494
0
0
0.000244565
0
0
-9.12696e-006
0
0
0.242536
0
0
0.00151973
0
0
0.00216346
0
0
0.00294857
0
0
0.000118278
0
0
0.000821054
0
0
1.50656
0
0
0.00253394
0
0
0.00118297
0
0
-1.67638e-006
0
0
-0.00256486
0
0
1.29208
0
0
0.179254
0
0
-7.45058e-005
0
0
0.253121
0
0
-0.00140425
0
0
0.0361973
0
0
-0.000244752
0
0
-0.000644289
0
0
9.16421e-005
0
0
-0.000459701
0
0
-0.00932999
0
0
-0.0103749
0
0
1.08924
0
0
0.000183657
0
0
0.0294967
0
0
0.87452
0
0
0.00292342
0
0
0.0044059
0
0
0.00204239
0
0
1.40036
0
0
0.0043653
0
0
0.00028424
0
0
-0.00125244
0
0
0.00195764
0
0
0.00132844
0
0
0.00228137
0
0
-0.000406429
0
0
1.28004
0
0
1.10662
0
0
0.788395
0
0
-0.00653081
0
0
1.95319
0
0
8.49366e-005
0
0
1.53281
0
0
0.0293167
0
0
0.210061
0
0
0.00696946
0
0
0.283586
0
0
-0.000793859
0
0
-0.00450332
0
0
-0.00225734
0
0
0.000905991
0
0
0.200851
0
0
0.589335
0
0
0.999412
0
0
0.747235
0
0
-0.00117309
0
0
-0.00208635
0
0
-0.00238735
0
0
-0.0013819
0
0
0.169032
0
0
-6.64964e-005
0
0
-0.0039462
0
0
0.0382131
0
0
-0.000856817
0
0
1.16261
0
0
0.368995
0
0
0.0227463
0
0
-0.000945851
0
0
1.23958
0
0
0.00231564
0
0
0.688938
0
0
0.000314228
0
0
-0.0011079
0
0
0.000449829
0
0
0.00186805
0
0
-0.0135524
0
0
-0.0113454
0
0
-0.000961497
0
0
0.00133254
0
0
-0.000393391
0
0
1.50973
0
0
1.17211
0
0
2.92435e-005
0
0
0.00105184
0
0
1.32481
0
0
-0.000313669
0
0
-0.0167863
0
0
0.0682954
0
0
0.00758059
0
0
0.439549
0
0
-0.00777189
0
0
0.641617
0
0
0.000692718
0
0
0.00176355
0
0
0.0496738
0
0
0.000162236
0
0
-0.0023311
0
0
0.0840772
0
0
-0.000272505
0
0
1.57819
0
0
0.000414811
0
0
0.000494532
0
0
1.48665
0
0
0.395339
0
0
0.000114366
0
0
-0.000792928
0
0
0.00135172
0
0
0.169306
0
0
0.191901
0
0
0.11353
0
0
0.000213087
0
0
-0.0113003
0
0
0.000704825
0
0
0.00544582
0
0
1.89371
0
0
-0.000330433
0
0
0.450348
0
0
1.5449
0
0
0.00372734
0
0
1.62133
0
0
0.53984
0
0
0.00662971
0
0
0.0164406
0
0
0.32768
0
0
0.562402
0
0
-0.000516698
0
0
-0.000957958
0
0
0.0429032
0
0
-0.0141412
0
0
0.048417
0
0
1.50655
0
0
0.334418
0
0
0.148119
0
0
1.76595
0
0
0.00378694
0
0
0.218321
0
0
0.00356212
0
0
0.00042133
0
0
1.21409
0
0
0.634281
0
0
1.01308
0
0
1.51553
0
0
1.46253
0
0
0.000210851
0
0
0.00167731
0
0
-0.00191629
0
0
0.0166062
0
0
-0.00492018
0
0
0.201071
0
0
1.8745
0
0
1.02187
0
0
0.873857
0
0
0.233808
0
0
1.19418
0
0
-0.000623986
0
0
0.00123829
0
0
0.00545625
0
0
0.288323
0
0
4.11645e-005
0
0
0.00288822
0
0
-0.0120282
0
0
0.00498798
0
0
0.220691
0
0
0.000974908
0
0
0.00497531
0
0
-0.00282973
0
0
0.85181
0
0
0.508101
0
0
-0.00120401
0
0
1.36498
0
0
0.190912
0
0
0.000621751
0
0
0.465866
0
0
1.22935
0
0
0.157918
0
0
0.150297
0
0
0.0274953
0
0
0.000449084
0
0
-0.00194032
0
0
0.00355206
0
0
0.790413
0
0
0.00046473
0
0
0.00372101
0
0
0.000272505
0
0
-0.000964478
0
0
-5.17815e-005
0
0
0.00150427
0
0
0.00139419
0
0
-0.00391249
0
0
1.95485
0
0
0.0968158
0
0
0.00567064
0
0
-0.00087209
0
0
0.725806
0
0
-0.00098981
0
0
0.225291
0
0
0.000706129
0
0
1.51537
0
0
-0.000566058
0
0
0.00195764
0
0
0.0392623
0
0
0.26416
0
0
0.00175219
0
0
-0.00274405
0
0
0.000286102
0
0
0.0039082
0
0
1.50935
0
0
0.00447314
0
0
-0.00789948
0
0
0.0994664
0
0
0.133933
0
0
0.00588764
0
0
0.465264
0
0
0.000382401
0
0
-0.0015337
0
0
-0.00441764
0
0
-0.000969507
0
0
1.96364
0
0
6.33299e-006
0
0
0.0784416
0
0
0.00903402
0
0
1.73777
0
0
-0.00486989
0
0
1.06769
0
0
-0.00130385
0
0
0.0106394
0
0
1.08713
0
0
-0.000402518
0
0
0.000673719
0
0
0.00243932
0
0
0.00179596
0
0
0.776351
0
0
-0.00080578
0
0
1.40086
0
0
1.15043
0
0
0.0312481
0
0
-0.000779144
0
0
1.20866
0
0
0.00792835
0
0
0.105961
0
0
-0.00175461
0
0
0.0111621
0
0
-0.00167359
0
0
0.000462867
0
0
-0.00397712
0
0
0.794231
0
0
0.404416
0
0
1.10046
0
0
1.28886
0
0
0.00545159
0
0
1.21772
0
0
0.224463
0
0
1.09934
0
0
0.00350494
0
0
-0.00108872
0
0
1.71918
0
0
0.374852
0
0
0.73448
0
0
0.578311
0
0
2.0081
0
0
1.42945
0
0
0.187125
0
0
0.0157466
0
0
0.000431202
0
0
0.00044331
0
0
-0.00289325
0
0
0.128416
0
0
1.44599
0
0
0.00145324
0
0
-0.00318866
0
0
0.0156984
0
0
0.316427
0
0
0.0467319
0
0
0.123265
0
0
0.220591
0
0
0.000765733
0
0
0.00178125
0
0
0.00293422
0
0
0.000902452
0
0
0.034943
0
0
-0.000544824
0
0
0.000306778
0
0
-0.000922009
0
0
0.55325
0
0
0.00137389
0
0
1.54304
0
0
2.26944
0
0
1.65428
0
0
0.432315
0
0
1.23564
0
0
-0.00022091
0
0
-0.00016056
0
0
-0.000750832
0
0
0.00291541
0
0
-0.000418536
0
0
-0.000723079
0
0
1.71052
0
0
0.983329
0
0
1.53091
0
0
-0.000330806
0
0
0.796621
0
0
-4.76837e-005
0
0
0.636849
0
0
0.000614487
0
0
0.780248
0
0
0.150331
0
0
2.16961
0
0
0.00145659
0
0
-1.2666e-005
0
0
0.592521
0
0
0.000716001
0
0
0.000295416
0
0
-0.000321306
0
0
0.000287965
0
0
0.0262758
0
0
0.722834
0
0
0.0417296
0
0
-0.0020735
0
0
0.125331
0
0
0.00318997
0
0
0.000132248
0
0
-0.000691973
0
0
0.308429
0
0
0.0024844
0
0
-0.00120215
0
0
0.27381
0
0
0.0459883
0
0
-1.67638e-006
0
0
0.132862
0
0
0.346965
0
0
1.41399
0
0
1.37005
0
0
0.412524
0
0
-0.00196081
0
0
0.000621751
0
0
1.81746
0
0
-5.51343e-005
0
0
0.01773
0
0
-0.0027027
0
0
-3.22238e-005
0
0
-0.000126287
0
0
9.42498e-005
0
0
0.0237796
0
0
0.231683
0
0
-0.00818036
0
0
0.136961
0
0
0.00038892
0
0
1.56462e-005
0
0
0.330809
0
0
-0.000468455
0
0
0.00144988
0
0
0.898383
0
0
0.000989623
0
0
-0.000688992
0
0
0.0022389
0
0
1.30875
0
0
0.00202134
0
0
1.31986
0
0
0.00128243
0
0
0.00278167
0
0
2.00393
0
0
-0.014646
0
0
0.00142455
0
0
-0.00720229
0
0
0.977944
0
0
2.64496e-005
0
0
0.00381302
0
0
0.0786589
0
0
0.569475
0
0
0.00334997
0
0
0.0593297
0
0
0.00174548
0
0
0.000522286
0
0
0.00282675
0
0
0.407525
0
0
0.00109896
0
0
0.846768
0
0
-0.00198297
0
0
-0.00109561
0
0
1.43687
0
0
0.172821
0
0
0.0171639
0
0
0.00214726
0
0
-5.25266e-005
0
0
-0.00355169
0
0
0.325551
0
0
0.15024
0
0
0.00178628
0
0
0.437137
0
0
1.69347
0
0
0.518442
0
0
-8.54954e-005
0
0
0.220977
0
0
0.342179
0
0
1.384
0
0
-0.00225585
0
0
0.753023
0
0
0.720511
0
0
0.92856
0
0
0.00199918
0
0
0.0133395
0
0
1.62884
0
0
0.000580773
0
0
0.00340063
0
0
0.439039
0
0
-0.00240114
0
0
0.00149626
0
0
0.000774488
0
0
-0.00031013
0
0
0.793572
0
0
2.21399
0
0
-0.00010971
0
0
0.000771508
0
0
1.00767
0
0
-0.000849366
0
0
0.00148453
0
0
0.0162162
0
0
0.00494272
0
0
1.25441
0
0
0.000688247
0
0
0.231925
0
0
0.0537749
0
0
0.120376
0
0
0.0194339
0
0
-0.00289083
0
0
2.11204
0
0
5.84871e-005
0
0
0.233768
0
0
0.27291
0
0
-0.000959076
0
0
0.00953786
0
0
0.00170879
0
0
0.940622
0
0
-1.3411e-005
0
0
-0.00631716
0
0
0.000361167
0
0
-3.8743e-005
0
0
0.214237
0
0
0.000183284
0
0
0.00075344
0
0
-9.0152e-005
0
0
0.0562675
0
0
0.00115186
0
0
0.371689
0
0
0.301667
0
0
0.437374
0
0
1.84439
0
0
1.41229
0
0
0.325338
0
0
0.187797
0
0
0.00170581
0
0
-0.00129882
0
0
0.000262633
0
0
-0.00270791
0
0
0.0115441
0
0
0.847887
0
0
0.646536
0
0
0.518188
0
0
0.00478029
0
0
2.34693e-005
0
0
1.73405
0
0
-0.00560582
0
0
7.61822e-005
0
0
0.00185221
0
0
1.8751
0
0
0.928292
0
0
-0.00187121
0
0
0.00287686
0
0
1.26688
0
0
0.361393
0
0
0.000608712
0
0
0.00307579
0
0
9.44361e-005
0
0
0.914222
0
0
2.35517
0
0
0.0185167
0
0
0.83302
0
0
0.000376813
0
0
0.00069309
0
0
1.21776
0
0
0.000761636
0
0
0.119552
0
0
-0.00143088
0
0
-0.00109579
0
0
0.285977
0
0
0.000823103
0
0
-0.000188127
0
0
0.0110114
0
0
0.00340361
0
0
0.0804884
0
0
-0.00165571
0
0
0.00265576
0
0
-0.00256877
0
0
0.0906924
0
0
0.000197627
0
0
-0.00030417
0
0
1.15295
0
0
0.00504758
0
0
1.15561
0
0
1.74246
0
0
0.327059
0
0
0.336117
0
0
0.000440888
0
0
0.0380255
0
0
0.00333786
0
0
1.10372
0
0
-0.00652205
0
0
-0.00149589
0
0
0.116492
0
0
0.000292808
0
0
-0.000187196
0
0
0.00192896
0
0
1.85879
0
0
0.317183
0
0
0.522339
0
0
-0.0159185
0
0
0.00147745
0
0
0.000482984
0
0
0.0036357
0
0
0.0045605
0
0
-0.00486169
0
0
0.848809
0
0
0.00172779
0
0
0.00925306
0
0
0.00499021
0
0
0.00205915
0
0
0.00164937
0
0
-0.00220556
0
0
1.16002
0
0
0.0475908
0
0
0.00085365
0
0
0.0778412
0
0
-0.000492856
0
0
0.000127219
0
0
-9.42498e-005
0
0
2.58908e-005
0
0
0.00347383
0
0
0.000727363
0
0
0.692144
0
0
0.0570638
0
0
0.17908
0
0
-0.00108257
0
0
0.0119187
0
0
0.726931
0
0
-0.00323579
0
0
-0.000581704
0
0
0.721856
0
0
0.011274
0
0
-0.00763778
0
0
0.103016
0
0
0.179743
0
0
0.00568964
0
0
0.114467
0
0
0.000885129
0
0
0.00297539
0
0
0.000146218
0
0
0.000192225
0
0
-0.00693519
0
0
-0.000944547
0
0
1.64059
0
0
-0.000441261
0
0
0.00482146
0
0
0.469054
0
0
0.0249587
0
0
0.000367872
0
0
-0.000816025
0
0
0.786236
0
0
0.07078
0
0
0.177232
0
0
0.0522679
0
0
1.7335
0
0
0.0313967
0
0
0.00165217
0
0
0.310115
0
0
0.000420399
0
0
0.000386313
0
0
0.230785
0
0
0.00374094
0
0
0.00562705
0
0
1.41534
0
0
0.000896864
0
0
-0.000161491
0
0
-0.0103673
0
0
0.00067316
0
0
-0.000783615
0
0
-0.000465289
0
0
0.000810437
0
0
-0.00072252
0
0
0.707891
0
0
0.00193212
0
0
0.000465475
0
0
0.0190988
0
0
-0.000613928
0
0
0.000476651
0
0
1.68199
0
0
0.00692531
0
0
0.348754
0
0
0.00232682
0
0
0.00174437
0
0
0.431311
0
0
-0.0014361
0
0
0.000119954
0
0
1.09875
0
0
0.00421051
0
0
0.639016
0
0
0.225066
0
0
-0.00191368
0
0
1.85322
0
0
0.00459366
0
0
0.000765175
0
0
0.25136
0
0
0.0109395
0
0
-0.00149142
0
0
-0.000819564
0
0
0.80067
0
0
-0.000779703
0
0
0.275478
0
0
0.558733
0
0
0.382439
0
0
0.000364892
0
0
0.000119023
0
0
1.34108
0
0
0.668858
0
0
-0.000659004
0
0
1.52138
0
0
0.00628605
0
0
0.000796095
0
0
0.292565
0
0
0.825268
0
0
4.69387e-005
0
0
1.86404
0
0
0.0031868
0
0
0.137535
0
0
0.1861
0
0
-1.24797e-005
0
0
0.0380944
0
0
1.16777
0
0
-6.07222e-005
0
0
0.35363
0
0
0.369876
0
0
0.00468735
0
0
0.00349637
0
0
-0.000466406
0
0
0.000630319
0
0
1.21605
0
0
0.215797
0
0
1.61971
0
0
0.053083
0
0
-0.00183564
0
0
0.00137277
0
0
0.00390932
0
0
0.254037
0
0
1.97839
0
0
-0.000997633
0
0
0.161207
0
0
0.000235066
0
0
1.11738
0
0
0.00224449
0
0
-0.000598654
0
0
0.0013439
0
0
1.98188
0
0
0.00224095
0
0
1.23812
0
0
0.000869669
0
0
0.279225
0
0
0.000689924
0
0
0.699279
0
0
-0.00181478
0
0
0.926657
0
0
1.59519
0
0
0.104485
0
0
1.90158
0
0
0.00338685
0
0
0.00113267
0
0
1.10689
0
0
0.0178639
0
0
0.00219252
0
0
0.66609
0
0
1.77768
0
0
1.01362
0
0
0.968998
0
0
-0.00169091
0
0
0.325906
0
0
0.0233822
0
0
-0.000211783
0
0
0.157197
0
0
0.00218581
0
0
1.59207
0
0
-0.00414699
0
0
8.34465e-005
0
0
1.23949
0
0
0.704918
0
0
0.00232477
0
0
0.036064
0
0
0.00572391
0
0
0.00129938
0
0
0.0199221
0
0
0.0547957
0
0
0.879006
0
0
-0.000570714
0
0
0.0362704
0
0
0.00548512
0
0
0.0140557
0
0
1.44757
0
0
0.0112856
0
0
0.00366252
0
0
0.825435
0
0
0.00523701
0
0
0.015267
0
0
0.00257138
0
0
0.0244327
0
0
1.06511
0
0
1.81448
0
0
1.72625
0
0
1.52781
0
0
6.40204e-005
0
0
-0.0010002
0
0
-0.00011835
0
0
-0.000166912
0
0
-0.00225129
0
0
-0.00239089
0
0
-0.000204892
0
0
-0.000990144
0
0
-0.00570267
0
0
-0.00036092
0
0
-0.000668344
0
0
0.00136441
0
0
-0.000514925
0
0
-0.00124403
0
0
-0.00277535
0
0
-0.00129297
0
0
-0.0027183
0
0
0.000935297
0
0
-0.000312317
0
0
0.00250192
0
0
-0.000107306
0
0
-0.00181558
0
0
-0.00649059
0
0
-6.57535e-006
0
0
0.000694231
0
0
0.00104995
0
0
-0.000239747
0
0
-4.00091e-005
0
0
0.00135486
0
0
-0.000518346
0
0
-0.000847382
0
0
2.41777e-007
0
0
-0.00541452
0
0
-8.5116e-005
0
0
-0.000102885
0
0
-0.00308305
0
0
-0.00428833
0
0
2.96574e-007
0
0
-4.26971e-005
0
0
-0.000875628
0
0
0.000494123
0
0
0.00115543
0
0
-0.000678982
0
0
-0.000597346
0
0
-1.61815e-005
0
0
0.00160296
0
0
-0.00025085
0
0
-0.000557482
0
0
-0.000223011
0
0
3.15102e-007
0
0
0
0
0
5.57598e-008
0
0
2.46784e-005
0
0
-0.00642259
0
0
-0.00272321
0
0
-0.000975442
0
0
-0.00152213
0
0
-0.00166729
0
0
-0.000385576
0
0
0.000326386
0
0
-0.00431093
0
0
-0.000250999
0
0
-0.000382531
0
0
-0.00270838
0
0
-0.00166201
0
0
-0.000232808
0
0
-0.000297582
0
0
-0.000540211
0
0
5.20979e-006
0
0
-0.000615703
0
0
-0.00062247
0
0
-0.000284831
0
0
1.33078e-009
0
0
0.000146969
0
0
-0.00212965
0
0
-6.29886e-006
0
0
-0.000204032
0
0
-0.00311374
0
0
-0.00276821
0
0
0.000468643
0
0
-0.000482439
0
0
-0.00151836
0
0
-0.00317731
0
0
-0.000201015
0
0
-0.00125861
0
0
-0.000511558
0
0
1.99037e-005
0
0
-0.00338006
0
0
-3.03753e-005
0
0
-5.06933e-005
0
0
-0.00124592
0
0
-0.000667262
0
0
-0.00119586
0
0
-0.000102727
0
0
-2.28511e-005
0
0
0.000702687
0
0
-0.000561293
0
0
-0.000393662
0
0
-0.00204062
0
0
-0.000617897
0
0
-0.000899503
0
0
-2.00332e-005
0
0
-0.00152009
0
0
-0.00092532
0
0
-8.49951e-005
0
0
-0.000391118
0
0
-0.000631439
0
0
-0.00321345
0
0
-0.000787906
0
0
-0.00263128
0
0
-0.00157317
0
0
-0.00150548
0
0
-0.000967505
0
0
-0.00106222
0
0
0.000230984
0
0
6.68801e-009
0
0
-1.53466e-010
0
0
-0.00081809
0
0
-0.00183366
0
0
-0.00080241
0
0
-0.000433278
0
0
-0.000655746
0
0
-0.000362527
0
0
-0.000705643
0
0
0.000355731
0
0
-0.00150205
0
0
-0.00079664
0
0
-6.47062e-005
0
0
-0.00067768
0
0
-0.00251911
0
0
-0.00234324
0
0
-0.00185195
0
0
-0.000994239
0
0
-0.000232052
0
0
-0.00192265
0
0
-0.00173763
0
0
-0.000424549
0
0
0.00095946
0
0
-8.60533e-005
0
0
0.000175224
0
0
-0.00056876
0
0
0.000122838
0
0
-0.00218888
0
0
3.50229e-005
0
0
0.000506737
0
0
-0.00131567
0
0
-0.000566726
0
0
-0.00231496
0
0
-4.16908e-005
0
0
-0.00366357
0
0
-0.00084778
0
0
-0.00179134
0
0
-0.00205807
0
0
-0.00104193
0
0
-2.08681e-006
0
0
0.000286802
0
0
7.64153e-006
0
0
-0.00295203
0
0
-0.000256501
0
0
3.78595e-007
0
0
-0.000184478
0
0
0.000118358
0
0
-0.000878034
0
0
-0.000126402
0
0
-0.000267482
0
0
-0.000281259
0
0
-0.00128654
0
0
-0.00144609
0
0
-0.00120292
0
0
-0.00138477
0
0
-0.000683355
0
0
-0.000652308
0
0
3.54655e-007
0
0
-0.0009218
0
0
0.000166887
0
0
-0.000221304
0
0
0.00231075
0
0
0.000678191
0
0
-0.00168265
0
0
-0.00393508
0
0
0.00134718
0
0
2.45513e-008
0
0
-5.44624e-006
0
0
0.000426841
0
0
-0.000660844
0
0
-0.00120556
0
0
-0.00018598
0
0
-0.00122041
0
0
-0.00043981
0
0
-0.000166372
0
0
-0.000343268
0
0
-0.00616347
0
0
-0.000489306
0
0
-0.00467721
0
0
-0.00298413
0
0
1.15493e-006
0
0
-0.000100111
0
0
0.000854455
0
0
-0.000196406
0
0
-0.00151345
0
0
2.27089e-008
0
0
-0.011119
0
0
-0.00109783
0
0
-0.00143036
0
0
-0.00167164
0
0
-0.000358071
0
0
-5.43807e-005
0
0
-0.00079627
0
0
0.000482637
0
0
-0.00197186
0
0
-0.000545252
0
0
-2.68411e-005
0
0
-0.000163515
0
0
-0.000154923
0
0
1.04992e-006
0
0
-0.00158015
0
0
-0.00045732
0
0
-0.000252864
0
0
-0.000508794
0
0
-0.000533543
0
0
0.00058464
0
0
-0.00228874
0
0
0.000203828
0
0
3.29344e-005
0
0
-0.00287316
0
0
0.000296781
0
0
-0.00253151
0
0
0.000778361
0
0
-3.73724e-005
0
0
-0.000271117
0
0
-0.00560413
0
0
-9.01837e-007
0
0
4.64903e-008
0
0
0.00110726
0
0
-0.0020078
0
0
-0.000119009
0
0
-0.00625853
0
0
-0.000127632
0
0
-0.000173585
0
0
-0.000500417
0
0
-0.00323764
0
0
-0.000415104
0
0
0.000191929
0
0
-2.81168e-005
0
0
-0.000751173
0
0
-0.00152476
0
0
0.00204207
0
0
-0.000617973
0
0
-0.000705948
0
0
-0.000641123
0
0
-0.000123517
0
0
-0.00242236
0
0
-0.000642125
0
0
-0.001517
0
0
-0.000258822
0
0
-0.0009181
0
0
1.10804e-007
0
0
0.000261495
0
0
-0.00260302
0
0
0.00193342
0
0
-2.56059e-005
0
0
7.78314e-007
0
0
-0.000541735
0
0
-0.000689671
0
0
-0.000879033
0
0
6.95165e-009
0
0
-0.000118674
0
0
0.000132235
0
0
-0.00356862
0
0
-5.89889e-005
0
0
-0.000305812
0
0
-0.000208671
0
0
-3.33411e-005
0
0
-0.00253007
0
0
-0.00448471
0
0
-1.14858e-005
0
0
-0.00178408
0
0
-0.000534586
0
0
-0.00686138
0
0
7.67111e-005
0
0
-1.50097e-005
0
0
-0.000413096
0
0
-1.22732e-005
0
0
-0.000283323
0
0
-3.65853e-005
0
0
-0.00188605
0
0
-0.00782431
0
0
0.000861641
0
0
9.73055e-005
0
0
-0.00131162
0
0
0.00230958
0
0
-0.00823557
0
0
1.78224e-006
0
0
-0.000143409
0
0
0.000603606
0
0
-0.00086989
0
0
0.000931491
0
0
0.000547342
0
0
0.000794626
0
0
-0.00209726
0
0
0.000642268
0
0
-0.00149389
0
0
-3.05537e-005
0
0
0.000445212
0
0
-0.00219185
0
0
6.72062e-008
0
0
0.000668919
0
0
0.000192343
0
0
1.16102e-007
0
0
-9.77322e-005
0
0
-0.00207242
0
0
-0.0018525
0
0
-0.00018858
0
0
-0.000532107
0
0
-0.00109822
0
0
-0.000801388
0
0
-7.10866e-005
0
0
-6.92324e-009
0
0
-0.000324555
0
0
6.31841e-007
0
0
-2.20145e-005
0
0
-0.000977795
0
0
-0.000776991
0
0
-0.000328064
0
0
-0.00138485
0
0
-0.0013518
0
0
-0.00063617
0
0
-2.85949e-005
0
0
-0.000616548
0
0
-0.00699546
0
0
0.000191741
0
0
-0.000561343
0
0
0.000635602
0
0
0.000100409
0
0
-0.00243411
0
0
-8.6019e-005
0
0
0
0
0
-0.00955065
0
0
-8.09151e-005
0
0
-0.000479419
0
0
0.0010296
0
0
-0.00158113
0
0
-0.00024946
0
0
-0.000266139
0
0
-0.0036714
0
0
-0.00114708
0
0
0.00048703
0
0
-2.19329e-005
0
0
-0.00169886
0
0
-0.00480715
0
0
-5.08038e-010
0
0
-0.00014737
0
0
-1.88732e-005
0
0
-0.000244108
0
0
-0.000571189
0
0
0.000798446
0
0
-0.00216693
0
0
-0.00104897
0
0
-0.000712372
0
0
-0.000238672
0
0
-0.00118572
0
0
-0.000409767
0
0
-0.0010483
0
0
-0.000199725
0
0
-0.000911243
0
0
-0.000747078
0
0
-0.000143101
0
0
-0.00014444
0
0
-0.000705583
0
0
-7.40914e-005
0
0
8.88894e-005
0
0
-0.00141558
0
0
-0.000247552
0
0
-0.000493129
0
0
-0.00818839
0
0
6.04406e-005
0
0
0.000250068
0
0
-0.000420653
0
0
0.000294886
0
0
-0.00112474
0
0
-2.11969e-005
0
0
-0.0015502
0
0
0.000548615
0
0
8.05772e-007
0
0
0.000327535
0
0
-0.0027385
0
0
-0.000153604
0
0
-0.000254403
0
0
-0.000970361
0
0
-0.00104265
0
0
-0.000185073
0
0
-0.000628222
0
0
-0.00112425
0
0
-0.000181441
0
0
-0.000491002
0
0
-0.000489815
0
0
3.65246e-007
0
0
-1.07672e-006
0
0
0.000263586
0
0
-0.00084006
0
0
-0.000668028
0
0
-0.00042116
0
0
0.000303158
0
0
-0.00126844
0
0
-0.00937042
0
0
-0.00146695
0
0
-0.000301706
0
0
0
0
0
-0.00337871
0
0
2.76112e-007
0
0
-8.10896e-006
0
0
-2.24713e-005
0
0
-0.000499512
0
0
-0.00104834
0
0
-1.53592e-005
0
0
-0.000112087
0
0
-0.000211168
0
0
-9.76206e-006
0
0
-0.00102291
0
0
0.00011959
0
0
-0.000495335
0
0
-7.02518e-005
0
0
0.000234677
0
0
-5.00326e-007
0
0
-0.000394321
0
0
-0.00248224
0
0
-0.000213082
0
0
-0.00225127
0
0
-0.000360547
0
0
-8.73873e-005
0
0
-0.000335851
0
0
-1.79716e-005
0
0
-1.71137e-006
0
0
-0.000809193
0
0
-0.000144032
0
0
-2.32573e-005
0
0
-2.23063e-005
0
0
-0.000380005
0
0
2.80465e-006
0
0
-0.0132337
0
0
0.00011042
0
0
-0.00134888
0
0
-0.000161286
0
0
-0.000213238
0
0
-0.000635531
0
0
-0.00338875
0
0
-0.00032314
0
0
-0.00952115
0
0
-0.00214005
0
0
-4.94633e-006
0
0
-0.00036014
0
0
-0.00274126
0
0
-6.44796e-006
0
0
0.132583
0
0
-0.000354763
0
0
-7.88524e-005
0
0
-0.000149841
0
0
-8.38493e-005
0
0
-0.00327937
0
0
-2.95695e-005
0
0
-0.000349413
0
0
0.000178508
0
0
-0.00138714
0
0
-0.00138403
0
0
-0.00011394
0
0
-0.00047463
0
0
-0.000199497
0
0
-0.00023724
0
0
-0.00129608
0
0
-0.00088345
0
0
-3.7439e-005
0
0
-4.52145e-005
0
0
-3.47222e-006
0
0
-0.00440049
0
0
