0
0
0
0
0
0
1.31481
0
0
0
0
0
0.916154
0
0
0.239655
0
0
0.652655
0
0
0
0
0
0
0
0
0
0
0
0
0
0
0.895506
0
0
0
0
0
1.86875
0
0
0.199029
0
0
1.70351
0
0
1.24735
0
0
0.441099
0
0
2.50683
0
0
0
0
0
0.360981
0
0
0
0
0
0.900034
0
0
0
0
0
0
0
0
2.71531
0
0
0.73676
0
0
0.292987
0
0
0
0
0
0
0
0
0.755926
0
0
0.736696
0
0
0
0
0
0
0
0
1.37957
0
0
0.260182
0
0
1.37533
0
0
2.39002
0
0
0.684466
0
0
0.55398
0
0
0
0
0
0.150978
0
0
0.688532
0
0
0.287297
0
0
0
0
0
0.857542
0
0
0.891721
0
0
0
0
0
0
0
0
0
0
0
0.553364
0
0
3.91077
0
0
1.09241
0
0
2.40866
0
0
0
0
0
0
0
0
1.72142
0
0
0
0
0
0
0
0
0.141075
0
0
0.130815
0
0
0.0520989
0
0
0.537053
0
0
3.53274
0
0
0.537476
0
0
0
0
0
1.18193
0
0
0.394857
0
0
0.945993
0
0
2.69112
0
0
0.970362
0
0
0
0
0
0
0
0
0
0
0
0
0
0
0.769209
0
0
0.975231
0
0
0.714388
0
0
0.813146
0
0
1.66984
0
0
0.405637
0
0
1.27091
0
0
0
0
0
0.420606
0
0
1.05761
0
0
0
0
0
0.525445
0
0
0
0
0
0
0
0
0
0
0
4.61717
0
0
0.372528
0
0
0.00816193
0
0
1.5896
0
0
0
0
0
0
0
0
0.540407
0
0
0
0
0
0
0
0
0
0
0
0.966602
0
0
0.957051
0
0
0.133769
0
0
0
0
0
1.9671
0
0
0.541661
0
0
0
0
0
0.183525
0
0
0.401666
0
0
0.272745
0
0
2.19793
0
0
1.83288
0
0
0
0
0
0
0
0
0
0
0
0
0
0
0
0
0
0
0
0
0.0283711
0
0
0.382593
0
0
1.0169
0
0
0
0
0
1.72879
0
0
0
0
0
0
0
0
0
0
0
0.548293
0
0
0
0
0
1.97553
0
0
1.08257
0
0
0.126419
0
0
0.248019
0
0
0
0
0
0
0
0
0.519213
0
0
1.67477
0
0
0
0
0
0
0
0
0
0
0
1.287
0
0
2.70373
0
0
0
0
0
1.0062
0
0
3.60946
0
0
0
0
0
0.873673
0
0
0.619222
0
0
0
0
0
0.306753
0
0
1.93987
0
0
0
0
0
1.96571
0
0
0
0
0
0.857547
0
0
0
0
0
0
0
0
0
0
0
0
0
0
0
0
0
0
0
0
0
0
0
0
0
0
4.68644
0
0
1.12758
0
0
0
0
0
0
0
0
0
0
0
1.45081
0
0
0
0
0
0.491426
0
0
0.556718
0
0
0
0
0
0
0
0
0
0
0
2.25853
0
0
3.41742
0
0
0
0
0
0.60288
0
0
0
0
0
1.34204
0
0
0
0
0
1.74325
0
0
0
0
0
0.520964
0
0
2.57369
0
0
0
0
0
0.392887
0
0
0.137101
0
0
1.1205
0
0
1.89215
0
0
2.96347
0
0
3.74407
0
0
0
0
0
0
0
0
0
0
0
0.337736
0
0
2.32704
0
0
0.976616
0
0
0.370682
0
0
0.396602
0
0
3.5989
0
0
0.661267
0
0
0
0
0
0
0
0
0.702607
0
0
0.888036
0
0
2.05276
0
0
0
0
0
2.12046
0
0
0
0
0
1.3909
0
0
0.0881291
0
0
0.968492
0
0
0.770191
0
0
0.341985
0
0
0
0
0
0.407957
0
0
0.855754
0
0
0.879213
0
0
0
0
0
3.5129
0
0
2.67286
0
0
0.727421
0
0
0
0
0
3.40631
0
0
0.379499
0
0
0
0
0
0.106102
0
0
0.4847
0
0
0
0
0
2.07974
0
0
0
0
0
1.2467
0
0
0.246478
0
0
0
0
0
0
0
0
0.0648881
0
0
0
0
0
0.242078
0
0
0
0
0
1.30852
0
0
0
0
0
0
0
0
2.39624
0
0
1.04394
0
0
0.794091
0
0
0.731708
0
0
0
0
0
1.00297
0
0
0
0
0
0.66356
0
0
0
0
0
2.19817
0
0
0.29428
0
0
0
0
0
0.777426
0
0
0
0
0
3.34043
0
0
1.88004
0
0
1.21441
0
0
0
0
0
1.62646
0
0
0
0
0
0.646428
0
0
0
0
0
0
0
0
0
0
0
0
0
0
0.939245
0
0
0
0
0
0.076303
0
0
0.469041
0
0
4.60531
0
0
0.380423
0
0
0.000239704
0
0
2.47339
0
0
1.14605
0
0
0.767764
0
0
1.52913
0
0
0.899807
0
0
0.152443
0
0
0
0
0
0.860534
0
0
0
0
0
1.89846
0
0
0.67974
0
0
0.994579
0
0
0
0
0
1.02682
0
0
0.838463
0
0
0
0
0
0.548558
0
0
0
0
0
2.42104
0
0
0
0
0
0.691699
0
0
0
0
0
0
0
0
0.244517
0
0
2.46128
0
0
0
0
0
0
0
0
0.353265
0
0
0
0
0
0
0
0
2.24412
0
0
4.26213
0
0
0.944922
0
0
0.351075
0
0
2.17842
0
0
0
0
0
0
0
0
0.244725
0
0
0
0
0
0.286469
0
0
0.771962
0
0
0.113743
0
0
0
0
0
0
0
0
0.956389
0
0
1.09217
0
0
0.202048
0
0
1.959
0
0
2.17444
0
0
0.401368
0
0
1.79188
0
0
0
0
0
0
0
0
0.811839
0
0
0
0
0
0
0
0
0.881421
0
0
1.38552
0
0
0
0
0
0
0
0
0
0
0
0.0319649
0
0
1.02988
0
0
0
0
0
0
0
0
0
0
0
0
0
0
0
0
0
0
0
0
0.816145
0
0
0
0
0
0
0
0
0
0
0
0.339172
0
0
0
0
0
0.949504
0
0
0
0
0
0.903399
0
0
0.250861
0
0
0
0
0
0
0
0
1.29008
0
0
0
0
0
0.992487
0
0
1.76184
0
0
2.67386
0
0
1.1584
0
0
2.32211
0
0
1.30506
0
0
0.69949
0
0
0.0626737
0
0
0.342059
0
0
0
0
0
2.10002
0
0
0
0
0
3.71514
0
0
0
0
0
0.105761
0
0
0.571938
0
0
0
0
0
0.774819
0
0
0
0
0
0
0
0
0
0
0
0.639351
0
0
0
0
0
1.2722
0
0
0.313891
0
0
0
0
0
0
0
0
1.31099
0
0
0
0
0
0
0
0
2.32012
0
0
0
0
0
1.33867
0
0
0
0
0
0.638777
0
0
2.51089
0
0
0.458959
0
0
0
0
0
1.88823
0
0
1.6473
0
0
0
0
0
3.04928
0
0
0.954967
0
0
0
0
0
0.0173959
0
0
0.718181
0
0
0
0
0
1.07306
0
0
0.765587
0
0
0
0
0
1.21332
0
0
1.97996
0
0
0
0
0
0
0
0
0
0
0
0.311385
0
0
0.367128
0
0
0
0
0
0
0
0
2.20444
0
0
0.401817
0
0
0.360965
0
0
0
0
0
1.26213
0
0
0.481699
0
0
1.43551
0
0
1.01957
0
0
0.254031
0
0
2.56996
0
0
1.74802
0
0
1.95362
0
0
1.49203
0
0
1.02526
0
0
0
0
0
0
0
0
0
0
0
0.550455
0
0
1.16418
0
0
0
0
0
1.73939
0
0
0
0
0
0
0
0
0
0
0
0.227372
0
0
0
0
0
0
0
0
2.5277
0
0
0.585667
0
0
0
0
0
0
0
0
0
0
0
2.366
0
0
3.34953
0
0
0.53626
0
0
0
0
0
1.50984
0
0
0.618759
0
0
0
0
0
1.0327
0
0
0
0
0
0
0
0
0.555359
0
0
0
0
0
0
0
0
1.58261
0
0
0
0
0
0
0
0
0.292852
0
0
0
0
0
0
0
0
0.0579815
0
0
0
0
0
0.677972
0
0
0.142406
0
0
0.218021
0
0
0.721371
0
0
2.79296
0
0
0
0
0
0
0
0
1.31316
0
0
1.52443
0
0
0.625495
0
0
0.162829
0
0
1.66147
0
0
2.42114
0
0
0.980455
0
0
0
0
0
0
0
0
0.229578
0
0
3.27069
0
0
0
0
0
2.15632
0
0
0
0
0
0.386713
0
0
0.750257
0
0
0.315582
0
0
0.521316
0
0
2.15607
0
0
0
0
0
0.999659
0
0
0.0468161
0
0
1.19119
0
0
0
0
0
1.1925
0
0
0
0
0
0
0
0
1.51791
0
0
0
0
0
0.526719
0
0
0.338053
0
0
0
0
0
1.8055
0
0
1.48684
0
0
0.298243
0
0
0.960653
0
0
1.48226
0
0
0
0
0
1.46416
0
0
0.580507
0
0
0.93937
0
0
0.240152
0
0
0
0
0
1.06549
0
0
0
0
0
4.3585
0
0
0
0
0
2.62743
0
0
0.582413
0
0
0.712042
0
0
0
0
0
0
0
0
0
0
0
0.424956
0
0
1.43103
0
0
1.63984
0
0
0.64166
0
0
0.573472
0
0
0.648978
0
0
0
0
0
0
0
0
0
0
0
0
0
0
0
0
0
0.0313193
0
0
0
0
0
1.17611
0
0
2.69874
0
0
0
0
0
0
0
0
1.62454
0
0
0
0
0
0.447954
0
0
0
0
0
0.409819
0
0
0.11791
0
0
0
0
0
0.574268
0
0
0.632086
0
0
0
0
0
0.418827
0
0
0
0
0
1.13725
0
0
0
0
0
1.09366
0
0
0
0
0
0
0
0
2.09991
0
0
0
0
0
0.829855
0
0
1.01891
0
0
1.13882
0
0
3.34422
0
0
0.64444
0
0
0
0
0
1.72117
0
0
0
0
0
1.18216
0
0
1.74477
0
0
0
0
0
1.78347
0
0
1.3684
0
0
0.0120117
0
0
0.582916
0
0
0
0
0
0.672576
0
0
0
0
0
0
0
0
0
0
0
1.01462
0
0
0
0
0
0
0
0
0
0
0
0.831106
0
0
0.359556
0
0
0
0
0
1.46321
0
0
1.63306
0
0
0.615858
0
0
0.573698
0
0
0.979191
0
0
1.3738
0
0
0.743872
0
0
1.14519
0
0
1.54022
0
0
3.36814
0
0
0.343892
0
0
0
0
0
0
0
0
0.258779
0
0
1.38989
0
0
2.59981
0
0
0.178653
0
0
1.12268
0
0
0.378316
0
0
0
0
0
0.267681
0
0
0
0
0
2.99237
0
0
0
0
0
0.572834
0
0
0
0
0
0
0
0
0.790041
0
0
0.758032
0
0
1.70257
0
0
0
0
0
0.42172
0
0
1.80341
0
0
0
0
0
0.571855
0
0
0
0
0
0.238607
0
0
0
0
0
1.93494
0
0
0.326107
0
0
1.59947
0
0
0
0
0
0.359358
0
0
2.4806
0
0
0
0
0
1.01936
0
0
0.771326
0
0
0.834131
0
0
0
0
0
0.276956
0
0
0.115611
0
0
0.251407
0
0
0.338338
0
0
0.753606
0
0
0
0
0
0
0
0
0
0
0
0.8992
0
0
1.71815
0
0
0
0
0
1.16312
0
0
1.13819
0
0
0.438091
0
0
1.16421
0
0
0
0
0
0.750035
0
0
1.23684
0
0
0
0
0
0.505608
0
0
1.22699
0
0
2.83658
0
0
0
0
0
0
0
0
0
0
0
0
0
0
0
0
0
0
0
0
0.758936
0
0
1.91218
0
0
1.08237
0
0
1.46414
0
0
0
0
0
0.335884
0
0
1.23492
0
0
0.895091
0
0
0.14327
0
0
0
0
0
0.0276114
0
0
0.585423
0
0
0.317521
0
0
1.3722
0
0
0.547105
0
0
0.480973
0
0
0.592071
0
0
1.34873
0
0
0
0
0
0
0
0
0.281882
0
0
0.449288
0
0
2.22906
0
0
0.480417
0
0
0
0
0
0
0
0
2.07797
0
0
0.38466
0
0
2.19395
0
0
0.742572
0
0
2.67584
0
0
2.13349
0
0
0
0
0
0
0
0
0.107415
0
0
1.51793
0
0
1.39961
0
0
1.98482
0
0
0
0
0
0
0
0
3.58586
0
0
0.83086
0
0
0
0
0
0.977692
0
0
0
0
0
0
0
0
0
0
0
1.9978
0
0
0.894483
0
0
1.53084
0
0
0
0
0
0.910453
0
0
0
0
0
0.921573
0
0
2.5374
0
0
0.991479
0
0
0.756025
0
0
2.03176
0
0
1.17364
0
0
0
0
0
0
0
0
1.22371
0
0
0
0
0
0.508871
0
0
1.98853
0
0
3.79481
0
0
0
0
0
0.503409
0
0
0.320978
0
0
0
0
0
2.35371
0
0
0.555954
0
0
0
0
0
0.0188494
0
0
0.202273
0
0
1.49196
0
0
0
0
0
1.18787
0
0
1.87341
0
0
2.07183
0
0
1.69196
0
0
1.28639
0
0
0
0
0
0.732646
0
0
0.0570813
0
0
0.665134
0
0
1.68485
0
0
2.4711
0
0
0
0
0
0.547073
0
0
0.258085
0
0
0
0
0
0
0
0
2.17097
0
0
0.224859
0
0
0
0
0
0
0
0
2.98668
0
0
0
0
0
0.21169
0
0
1.86192
0
0
0.767662
0
0
0.516324
0
0
0.0354087
0
0
0
0
0
3.46525
0
0
0.595102
0
0
1.60203
0
0
0
0
0
0.15745
0
0
0.915966
0
0
2.09008
0
0
2.24107
0
0
1.89659
0
0
0.455493
0
0
0
0
0
0
0
0
0
0
0
3.0226
0
0
1.59558
0
0
3.02933
0
0
0
0
0
0.817124
0
0
1.34762
0
0
0.735645
0
0
0.543802
0
0
0
0
0
0.0684091
0
0
2.47698
0
0
0
0
0
2.08105
0
0
0
0
0
0.680587
0
0
0.5566
0
0
0.394339
0
0
0.446813
0
0
0.674717
0
0
0
0
0
0.339252
0
0
0.793941
0
0
0
0
0
1.85714
0
0
0
0
0
0
0
0
0
0
0
0.431639
0
0
3.79661
0
0
2.06329
0
0
0.687903
0
0
0
0
0
0.301481
0
0
1.12295
0
0
0
0
0
0.386846
0
0
2.4859
0
0
2.67527
0
0
0
0
0
0.727406
0
0
0
0
0
0.0350056
0
0
0
0
0
2.29444
0
0
0.876657
0
0
0
0
0
0
0
0
2.27057
0
0
0
0
0
0
0
0
2.36052
0
0
1.02205
0
0
0
0
0
1.41778
0
0
0.175648
0
0
1.06482
0
0
1.15481
0
0
0
0
0
0
0
0
0
0
0
1.53784
0
0
0.273878
0
0
0
0
0
0.427524
0
0
0
0
0
0.240172
0
0
0.315941
0
0
0
0
0
1.93753
0
0
0.290714
0
0
0
0
0
0.112633
0
0
0
0
0
0.275344
0
0
1.93711
0
0
0.622614
0
0
0.38825
0
0
0
0
0
0
0
0
1.4713
0
0
0
0
0
0
0
0
3.5473
0
0
0
0
0
1.00682
0
0
0.468892
0
0
0
0
0
0.609416
0
0
0.38792
0
0
0
0
0
0.0399663
0
0
0.45283
0
0
0
0
0
0
0
0
0
0
0
2.15294
0
0
0
0
0
0.45147
0
0
0.288603
0
0
0
0
0
0
0
0
1.18199
0
0
2.49871
0
0
0
0
0
0.300733
0
0
1.39718
0
0
0
0
0
0.145833
0
0
1.09426
0
0
0.533125
0
0
0.319884
0
0
0
0
0
0.525302
0
0
0
0
0
0
0
0
0
0
0
4.17267
0
0
0
0
0
1.15717
0
0
1.45728
0
0
0
0
0
0.884789
0
0
0.202149
0
0
2.21249
0
0
0
0
0
0
0
0
0
0
0
0.45153
0
0
1.26934
0
0
0.165768
0
0
0
0
0
0.400751
0
0
2.43585
0
0
0.724026
0
0
1.9561
0
0
3.46206
0
0
0.376547
0
0
2.46137
0
0
0
0
0
0
0
0
0
0
0
0
0
0
1.13204
0
0
0.84675
0
0
0
0
0
0.763397
0
0
3.98915
0
0
0.106976
0
0
0
0
0
0.0700348
0
0
0.648223
0
0
0.746222
0
0
2.19366
0
0
0
0
0
1.41416
0
0
0
0
0
2.14329
0
0
2.24914
0
0
0.378755
0
0
0
0
0
0.161637
0
0
3.19092
0
0
2.03182
0
0
1.95775
0
0
0
0
0
0.749172
0
0
2.32556
0
0
2.08097
0
0
2.05821
0
0
0.929835
0
0
0
0
0
0
0
0
0
0
0
0
0
0
0.996097
0
0
0
0
0
0
0
0
1.49101
0
0
0
0
0
1.99926
0
0
2.51088
0
0
1.83538
0
0
1.09245
0
0
0.113536
0
0
0.0319834
0
0
0.597269
0
0
0
0
0
0
0
0
0
0
0
0
0
0
2.76548
0
0
0
0
0
0
0
0
0
0
0
0.147162
0
0
0
0
0
1.47122
0
0
0.805635
0
0
0.541221
0
0
0.277275
0
0
0.706255
0
0
0
0
0
0
0
0
0.488583
0
0
0
0
0
0
0
0
0.986422
0
0
1.43066
0
0
0
0
0
0.573242
0
0
0.346953
0
0
0.78412
0
0
0.803935
0
0
0.930423
0
0
2.32457
0
0
0
0
0
4.41267
0
0
2.09634
0
0
0
0
0
0
0
0
2.86917
0
0
0.32952
0
0
0
0
0
0
0
0
0
0
0
1.02606
0
0
1.02578
0
0
0.93522
0
0
0
0
0
0.290916
0
0
0.283529
0
0
0
0
0
0
0
0
0.530027
0
0
2.04214
0
0
0.368602
0
0
2.5838
0
0
0.220023
0
0
0
0
0
0.977748
0
0
0.588571
0
0
4.09832
0
0
0.29342
0
0
0
0
0
2.54576
0
0
0.295312
0
0
0
0
0
0
0
0
0.334594
0
0
0
0
0
0.555562
0
0
0.780001
0
0
0
0
0
0
0
0
0.520534
0
0
0
0
0
0
0
0
0.930688
0
0
1.63587
0
0
0
0
0
0
0
0
0.817708
0
0
2.35226
0
0
0
0
0
0
0
0
0.889158
0
0
1.64092
0
0
0.0135104
0
0
0.927208
0
0
0.830943
0
0
0.658224
0
0
0
0
0
0.518842
0
0
0
0
0
0
0
0
1.96789
0
0
0.120894
0
0
0
0
0
1.40569
0
0
0.574721
0
0
0.649152
0
0
0
0
0
0.0711982
0
0
0.799285
0
0
0
0
0
0
0
0
0
0
0
0
0
0
1.56485
0
0
1.60946
0
0
0.952871
0
0
0.734114
0
0
0
0
0
2.88217
0
0
0
0
0
2.31685
0
0
0.582675
0
0
0.421963
0
0
3.63912
0
0
0.754411
0
0
0.789631
0
0
1.63189
0
0
0.243388
0
0
0.835457
0
0
0
0
0
0.191277
0
0
0.257509
0
0
0.0599271
0
0
1.62742
0
0
0.0526338
0
0
0
0
0
0.624367
0
0
0
0
0
0
0
0
0
0
0
1.14194
0
0
1.92651
0
0
1.00421
0
0
4.24265
0
0
0
0
0
2.31617
0
0
0.174099
0
0
0.234615
0
0
0
0
0
0.224753
0
0
0.610365
0
0
0
0
0
0
0
0
0
0
0
0.421635
0
0
0
0
0
0
0
0
0.963791
0
0
0
0
0
0.371371
0
0
0
0
0
0.636531
0
0
0
0
0
0.815589
0
0
0
0
0
0.981869
0
0
0.544402
0
0
0.828819
0
0
0.449832
0
0
0.877203
0
0
0
0
0
1.11852
0
0
1.5645
0
0
0
0
0
0.587939
0
0
2.6173
0
0
0
0
0
1.34171
0
0
0.217327
0
0
2.28569
0
0
3.45531
0
0
0.712795
0
0
0
0
0
0
0
0
0
0
0
0
0
0
0
0
0
0
0
0
0
0
0
1.89319
0
0
1.13189
0
0
0.877349
0
0
0.00912379
0
0
0.59777
0
0
0.495644
0
0
0
0
0
0.420895
0
0
0
0
0
0
0
0
0
0
0
0.281724
0
0
0
0
0
1.85377
0
0
0
0
0
0
0
0
0.230164
0
0
0.852016
0
0
1.63808
0
0
0.818548
0
0
0.520718
0
0
0.747341
0
0
0
0
0
3.05343
0
0
0.46889
0
0
1.34906
0
0
1.42661
0
0
2.35665
0
0
0
0
0
0.98219
0
0
1.0223
0
0
0
0
0
1.31458
0
0
0.303461
0
0
0
0
0
0
0
0
0
0
0
1.04131
0
0
1.07083
0
0
0
0
0
0
0
0
0
0
0
0
0
0
1.84205
0
0
0.504587
0
0
1.01692
0
0
0.995293
0
0
0
0
0
1.18491
0
0
0
0
0
0.661359
0
0
0.58306
0
0
0
0
0
0
0
0
1.39318
0
0
0
0
0
0
0
0
0.28444
0
0
0
0
0
1.7782
0
0
1.60043
0
0
2.07259
0
0
0
0
0
0.630147
0
0
0
0
0
0.458727
0
0
0.526241
0
0
0.586677
0
0
0.270765
0
0
1.07748
0
0
0
0
0
0.726046
0
0
0.208529
0
0
0
0
0
0
0
0
0
0
0
2.01119
0
0
0
0
0
0.125106
0
0
0
0
0
0
0
0
0
0
0
0.0999169
0
0
0
0
0
0.654889
0
0
0.108153
0
0
0.143853
0
0
0.956443
0
0
0
0
0
0
0
0
1.83941
0
0
0.54052
0
0
0
0
0
2.25612
0
0
0.297013
0
0
0.622139
0
0
0
0
0
0.823043
0
0
0.584059
0
0
0
0
0
0
0
0
0
0
0
0.672583
0
0
0
0
0
0.468371
0
0
0
0
0
0
0
0
0
0
0
0
0
0
1.83797
0
0
1.05141
0
0
0
0
0
0
0
0
0.513883
0
0
0.0976335
0
0
0.976942
0
0
0
0
0
0
0
0
0.786281
0
0
0
0
0
0.152821
0
0
4.33689
0
0
0.725505
0
0
0.682188
0
0
0
0
0
1.47945
0
0
0
0
0
1.15503
0
0
1.69919
0
0
0
0
0
0.899717
0
0
0
0
0
0.374351
0
0
0.935338
0
0
1.32413
0
0
4.04699
0
0
2.40754
0
0
0
0
0
0.457506
0
0
1.85343
0
0
0.124771
0
0
0.609747
0
0
1.38157
0
0
2.10297
0
0
0.820715
0
0
0.295518
0
0
0.0960787
0
0
0.350679
0
0
0.576963
0
0
0
0
0
1.49545
0
0
0.597596
0
0
0
0
0
0
0
0
0.316199
0
0
0
0
0
1.0814
0
0
0.0953086
0
0
0
0
0
0.810883
0
0
0
0
0
1.45433
0
0
1.86378
0
0
2.18192
0
0
0.544086
0
0
2.21011
0
0
0
0
0
1.20383
0
0
0
0
0
2.42757
0
0
2.81218
0
0
0
0
0
0.71795
0
0
1.7548
0
0
0
0
0
2.0794
0
0
0
0
0
0.516052
0
0
0.179242
0
0
0
0
0
0
0
0
0.306289
0
0
0.813483
0
0
2.62392
0
0
0.660418
0
0
0
0
0
0.680085
0
0
0.0458522
0
0
0
0
0
1.57033
0
0
0.744447
0
0
0.557899
0
0
1.69542
0
0
2.81531
0
0
0.715471
0
0
0.74147
0
0
0.265103
0
0
0
0
0
0.614712
0
0
0.868885
0
0
0
0
0
0
0
0
1.07039
0
0
0.664885
0
0
0.0347878
0
0
1.30725
0
0
0
0
0
0.697431
0
0
0.342764
0
0
0
0
0
1.92268
0
0
0
0
0
0
0
0
2.08595
0
0
0.738439
0
0
0.535509
0
0
0
0
0
0.262232
0
0
1.41525
0
0
0.317615
0
0
0
0
0
0
0
0
0.310623
0
0
0.446411
0
0
0
0
0
1.46661
0
0
0.556671
0
0
0.13681
0
0
0.373077
0
0
0
0
0
0.787438
0
0
0.492707
0
0
0
0
0
0
0
0
0
0
0
1.25169
0
0
0.744245
0
0
0
0
0
1.25453
0
0
0
0
0
0
0
0
0.40771
0
0
0.484882
0
0
0.469979
0
0
0
0
0
0
0
0
0.448284
0
0
0.361431
0
0
0
0
0
1.57863
0
0
1.8454
0
0
0
0
0
4.15697
0
0
0
0
0
0.754504
0
0
0
0
0
0
0
0
0.15111
0
0
0.991067
0
0
0
0
0
0
0
0
0
0
0
0
0
0
0
0
0
0
0
0
0.759482
0
0
0
0
0
0
0
0
2.10456
0
0
0.404146
0
0
0
0
0
0
0
0
1.67525
0
0
0.718758
0
0
0
0
0
0.767623
0
0
0.781159
0
0
0
0
0
0
0
0
0
0
0
0
0
0
0
0
0
0.596163
0
0
0
0
0
3.22724
0
0
0.400304
0
0
0
0
0
0.626983
0
0
0.499415
0
0
0
0
0
0.399625
0
0
4.24418
0
0
2.5504
0
0
1.17041
0
0
0.212006
0
0
0.355582
0
0
0.0776494
0
0
0
0
0
0
0
0
0.941649
0
0
0.303331
0
0
2.43543
0
0
0
0
0
0
0
0
1.93998
0
0
1.11756
0
0
1.11861
0
0
0
0
0
2.10865
0
0
1.08397
0
0
0
0
0
0.481433
0
0
1.2552
0
0
0.003739
0
0
0
0
0
2.54068
0
0
0.124196
0
0
0
0
0
0
0
0
0
0
0
0.832874
0
0
0
0
0
0.447043
0
0
0
0
0
0
0
0
0
0
0
0
0
0
1.48945
0
0
0.88751
0
0
0
0
0
1.86744
0
0
1.17975
0
0
0.131183
0
0
0
0
0
0.505851
0
0
0
0
0
0
0
0
1.139
0
0
0.390249
0
0
0
0
0
0.245089
0
0
0
0
0
0.619949
0
0
0.809316
0
0
1.54835
0
0
0.683345
0
0
0.258924
0
0
0
0
0
0.581644
0
0
0
0
0
0.364133
0
0
0
0
0
1.03883
0
0
1.49318
0
0
0
0
0
0
0
0
0
0
0
0.471009
0
0
0
0
0
1.95374
0
0
0
0
0
1.69027
0
0
0.210438
0
0
0.788288
0
0
0.175529
0
0
0.404865
0
0
0
0
0
1.91259
0
0
0
0
0
2.1853
0
0
0.554546
0
0
1.28028
0
0
0.49843
0
0
0
0
0
1.7184
0
0
0
0
0
1.87231
0
0
2.64945
0
0
1.45952
0
0
0
0
0
0.0635243
0
0
0
0
0
0
0
0
2.49364
0
0
1.2534
0
0
0.767178
0
0
0
0
0
0
0
0
0
0
0
0
0
0
0
0
0
0
0
0
0
0
0
4.75469
0
0
0
0
0
0.738629
0
0
1.82016
0
0
0
0
0
0.67008
0
0
1.7348
0
0
0.888153
0
0
0
0
0
0.484723
0
0
0.241246
0
0
0
0
0
0.949345
0
0
0
0
0
0
0
0
0
0
0
1.78867
0
0
0
0
0
1.01903
0
0
0
0
0
1.40412
0
0
0.258232
0
0
0
0
0
2.04564
0
0
1.10368
0
0
1.13871
0
0
1.06597
0
0
0
0
0
0.806333
0
0
0
0
0
0
0
0
0
0
0
0
0
0
0
0
0
0.608664
0
0
0
0
0
1.22527
0
0
0.904093
0
0
0
0
0
0
0
0
0
0
0
0.965468
0
0
0
0
0
0
0
0
1.71053
0
0
0.857403
0
0
0
0
0
0
0
0
1.00456
0
0
0
0
0
0.516622
0
0
0.457459
0
0
0.832686
0
0
0
0
0
0
0
0
0.542282
0
0
0.600361
0
0
0
0
0
0.11234
0
0
0.830131
0
0
0.619787
0
0
0.788117
0
0
3.40847
0
0
0
0
0
1.38412
0
0
2.24093
0
0
0.620432
0
0
0
0
0
1.4367
0
0
0
0
0
0.979212
0
0
0.900535
0
0
0.328442
0
0
0
0
0
0.463409
0
0
0.39663
0
0
0.0792426
0
0
0
0
0
0.435086
0
0
0.641796
0
0
1.08762
0
0
0
0
0
0.604439
0
0
0.741879
0
0
0.153607
0
0
0.317942
0
0
0.829944
0
0
0.384971
0
0
0.763403
0
0
0
0
0
1.09871
0
0
0.242025
0
0
1.29094
0
0
1.2685
0
0
0.152377
0
0
2.99738
0
0
0
0
0
0.801808
0
0
0
0
0
1.63813
0
0
1.74258
0
0
0.911788
0
0
0
0
0
1.08641
0
0
0.277703
0
0
0.462951
0
0
0.999236
0
0
0.868213
0
0
0
0
0
0
0
0
1.55731
0
0
2.98508
0
0
0.781903
0
0
0
0
0
0
0
0
1.4083
0
0
0
0
0
0.690385
0
0
0.598733
0
0
0.0413522
0
0
0.334341
0
0
0.444593
0
0
0
0
0
0.192132
0
0
0
0
0
0
0
0
1.881
0
0
0.117015
0
0
4.78456
0
0
0
0
0
0.633886
0
0
2.53137
0
0
2.39066
0
0
0
0
0
0
0
0
2.00631
0
0
0
0
0
0
0
0
0.298158
0
0
0.19159
0
0
0
0
0
0
0
0
0
0
0
1.87221
0
0
1.40118
0
0
1.00018
0
0
0
0
0
0.489857
0
0
0.0315128
0
0
2.23525
0
0
0
0
0
0.855086
0
0
0
0
0
0
0
0
0
0
0
0.319824
0
0
0
0
0
0.147689
0
0
0.474015
0
0
0
0
0
0
0
0
0
0
0
2.39718
0
0
0
0
0
0
0
0
0
0
0
1.34998
0
0
0
0
0
2.18233
0
0
0
0
0
0.791346
0
0
1.22427
0
0
0.516249
0
0
1.24345
0
0
0.484964
0
0
0
0
0
2.08803
0
0
0
0
0
0
0
0
0
0
0
0
0
0
0
0
0
0.446779
0
0
0.576212
0
0
0.584263
0
0
0
0
0
0
0
0
0.4867
0
0
0.533814
0
0
0.676281
0
0
0
0
0
1.359
0
0
0.28841
0
0
0.375489
0
0
0
0
0
0
0
0
1.55259
0
0
0
0
0
0
0
0
0.987449
0
0
0.386959
0
0
0.187711
0
0
1.11745
0
0
0
0
0
1.37146
0
0
0
0
0
0
0
0
0
0
0
0.327089
0
0
0.386767
0
0
0.274143
0
0
0.813006
0
0
0.792386
0
0
0.883364
0
0
0
0
0
0.584066
0
0
0
0
0
1.31819
0
0
0
0
0
0
0
0
0
0
0
0.0733043
0
0
0.975801
0
0
2.01015
0
0
0.2154
0
0
0.118786
0
0
0
0
0
1.41385
0
0
0
0
0
1.29262
0
0
0
0
0
0
0
0
0
0
0
0
0
0
1.08595
0
0
1.4626
0
0
0
0
0
0
0
0
0
0
0
0.520769
0
0
0.577365
0
0
0
0
0
0.731082
0
0
1.67758
0
0
0
0
0
0.353623
0
0
1.80588
0
0
0.872241
0
0
0.878737
0
0
1.35405
0
0
0.134127
0
0
1.36805
0
0
0.38143
0
0
1.62304
0
0
0.176268
0
0
0.329488
0
0
0.891683
0
0
2.23862
0
0
0.16602
0
0
0
0
0
0.838089
0
0
0.84698
0
0
0.787416
0
0
0.235079
0
0
0
0
0
0
0
0
0.29618
0
0
0.00505164
0
0
0
0
0
0
0
0
2.138
0
0
0
0
0
1.79197
0
0
0
0
0
0
0
0
0.846173
0
0
0.873893
0
0
0.676732
0
0
0.476162
0
0
0
0
0
0
0
0
0.69953
0
0
0
0
0
1.9452
0
0
0
0
0
1.13053
0
0
0
0
0
0.256062
0
0
0
0
0
0.133184
0
0
0
0
0
0.56759
0
0
0
0
0
0
0
0
0.64896
0
0
1.09715
0
0
0
0
0
0.221681
0
0
1.02746
0
0
0
0
0
0.0120056
0
0
1.5205
0
0
0
0
0
0
0
0
0.808833
0
0
0
0
0
2.33767
0
0
0.697689
0
0
0.428928
0
0
0
0
0
0
0
0
0.943011
0
0
0
0
0
0.228616
0
0
0
0
0
0
0
0
0.968335
0
0
0.643789
0
0
0
0
0
0
0
0
1.07974
0
0
1.09261
0
0
0
0
0
0.510874
0
0
0
0
0
0.592403
0
0
0.888403
0
0
1.28729
0
0
0
0
0
0.134677
0
0
0
0
0
1.95364
0
0
0
0
0
0
0
0
0
0
0
0.560552
0
0
0.180951
0
0
1.67594
0
0
0.726302
0
0
0
0
0
1.21463
0
0
0.776953
0
0
0.699667
0
0
0.927935
0
0
0
0
0
0.239281
0
0
2.21499
0
0
0.900743
0
0
0.168744
0
0
0.404172
0
0
0
0
0
0.61579
0
0
0
0
0
1.45333
0
0
0
0
0
0
0
0
0
0
0
0.743975
0
0
0.0984631
0
0
0
0
0
0.220004
0
0
3.44137
0
0
0.91668
0
0
2.47692
0
0
4.88026
0
0
0
0
0
0.78556
0
0
0.0571339
0
0
0.492922
0
0
0.98098
0
0
0.918503
0
0
0.343388
0
0
0.304416
0
0
1.44154
0
0
2.9545
0
0
0
0
0
0
0
0
0.700637
0
0
0
0
0
0.601776
0
0
0.366884
0
0
2.50227
0
0
0.707705
0
0
1.46805
0
0
2.21814
0
0
0
0
0
0
0
0
0
0
0
0
0
0
1.40825
0
0
0
0
0
0.151828
0
0
0
0
0
0
0
0
1.0624
0
0
0.118549
0
0
0.924731
0
0
0.909873
0
0
1.16832
0
0
1.09568
0
0
0
0
0
0
0
0
2.60569
0
0
1.40164
0
0
0.829994
0
0
0.828927
0
0
2.13565
0
0
1.07412
0
0
0.841912
0
0
1.28706
0
0
2.45225
0
0
3.54836
0
0
0.738741
0
0
0.999234
0
0
0.962651
0
0
1.42199
0
0
2.68753
0
0
0
0
0
0
0
0
1.56993
0
0
0
0
0
0.774592
0
0
0.493625
0
0
0
0
0
0
0
0
0.264584
0
0
2.27271
0
0
1.38257
0
0
0.206837
0
0
0
0
0
0
0
0
0
0
0
0
0
0
0.125957
0
0
0.78691
0
0
0.539617
0
0
1.07827
0
0
1.23131
0
0
0
0
0
0
0
0
1.1798
0
0
0.69457
0
0
1.07949
0
0
0
0
0
1.42484
0
0
0.822541
0
0
0.794536
0
0
1.03838
0
0
0
0
0
0.39814
0
0
0.414465
0
0
1.32614
0
0
0.308477
0
0
0
0
0
2.04201
0
0
0.275958
0
0
0
0
0
0
0
0
1.24185
0
0
0
0
0
0.385114
0
0
3.6369
0
0
0.382253
0
0
0
0
0
0
0
0
1.1692
0
0
0
0
0
0
0
0
0
0
0
0.484665
0
0
0
0
0
0
0
0
0
0
0
0.111955
0
0
2.16196
0
0
0
0
0
1.65457
0
0
4.177
0
0
0
0
0
0.501863
0
0
1.71113
0
0
0.457284
0
0
0
0
0
0
0
0
0
0
0
0.0649534
0
0
0.341727
0
0
0
0
0
1.40495
0
0
0
0
0
1.80701
0
0
1.19993
0
0
0.0980789
0
0
0
0
0
0
0
0
2.03811
0
0
0.149523
0
0
0.553672
0
0
0
0
0
0
0
0
0
0
0
1.68002
0
0
2.37361
0
0
2.0175
0
0
0.548862
0
0
0
0
0
0.301017
0
0
0.893045
0
0
0
0
0
0
0
0
0.908698
0
0
2.76332
0
0
0.651076
0
0
0
0
0
2.06774
0
0
0.410677
0
0
1.20712
0
0
0.756259
0
0
0.888312
0
0
0.592722
0
0
1.57287
0
0
0.228081
0
0
0.614625
0
0
0.290828
0
0
1.1092
0
0
0
0
0
0
0
0
0
0
0
0.451617
0
0
1.59834
0
0
1.56194
0
0
0.367816
0
0
0.257105
0
0
0
0
0
0.675622
0
0
0
0
0
1.22693
0
0
0
0
0
0
0
0
0.565015
0
0
1.06147
0
0
1.5787
0
0
0
0
0
0.843163
0
0
0.719507
0
0
0.632321
0
0
0
0
0
0
0
0
0.50371
0
0
0.357444
0
0
0
0
0
0
0
0
0.785622
0
0
1.95841
0
0
0.812201
0
0
0.408683
0
0
0.274013
0
0
0
0
0
0.928769
0
0
0
0
0
0
0
0
0.961876
0
0
0
0
0
0
0
0
0
0
0
0
0
0
2.64414
0
0
0
0
0
0
0
0
1.46537
0
0
0.758482
0
0
0
0
0
0.634071
0
0
0.26955
0
0
0.930502
0
0
0
0
0
0.0692305
0
0
0.0607414
0
0
0
0
0
0
0
0
0.0229306
0
0
0.662404
0
0
0.144895
0
0
0
0
0
1.69789
0
0
0
0
0
0
0
0
0
0
0
0
0
0
0
0
0
0
0
0
0
0
0
0
0
0
2.41332
0
0
0.700417
0
0
4.84753
0
0
0
0
0
0.647706
0
0
0
0
0
0.680243
0
0
0.00950001
0
0
0.333052
0
0
0.831926
0
0
2.02151
0
0
0
0
0
0.464466
0
0
0
0
0
0
0
0
0
0
0
0
0
0
0.534673
0
0
0
0
0
3.5591
0
0
0
0
0
0
0
0
0.516995
0
0
0.872371
0
0
0.307955
0
0
0
0
0
0
0
0
0.501025
0
0
0
0
0
0
0
0
0
0
0
0
0
0
0.967403
0
0
1.42458
0
0
0.252088
0
0
0.552576
0
0
0
0
0
2.80519
0
0
0.923401
0
0
0.863775
0
0
0.811163
0
0
0.951186
0
0
0
0
0
0.457896
0
0
0.557773
0
0
0
0
0
0
0
0
1.32626
0
0
1.33046
0
0
0.986258
0
0
0.379724
0
0
0.375
0
0
0
0
0
0.405397
0
0
0.467901
0
0
0.0421765
0
0
1.04616
0
0
0.119157
0
0
0
0
0
0.977402
0
0
0.519523
0
0
2.21704
0
0
0.187276
0
0
0
0
0
0.489798
0
0
0
0
0
0.0802899
0
0
1.06476
0
0
1.09749
0
0
0
0
0
0.654437
0
0
0.800509
0
0
0
0
0
0.400142
0
0
0
0
0
0
0
0
0
0
0
0.260432
0
0
0
0
0
0.132189
0
0
0.808511
0
0
0.137761
0
0
0
0
0
0
0
0
0.640163
0
0
0
0
0
0
0
0
0
0
0
0
0
0
0
0
0
0
0
0
0
0
0
0.386002
0
0
0
0
0
0
0
0
0.275181
0
0
0
0
0
1.27103
0
0
0.392245
0
0
0
0
0
0
0
0
0.293426
0
0
0.53103
0
0
0
0
0
0
0
0
1.73287
0
0
1.41395
0
0
0.0823191
0
0
0.439905
0
0
0
0
0
0.899055
0
0
1.02161
0
0
0.0668389
0
0
0
0
0
0
0
0
0
0
0
0
0
0
0
0
0
0.279878
0
0
0
0
0
0
0
0
0
0
0
0
0
0
0.335667
0
0
2.55741
0
0
0
0
0
1.76188
0
0
1.30733
0
0
1.31767
0
0
0
0
0
0
0
0
0
0
0
0.229092
0
0
0
0
0
0
0
0
1.18052
0
0
0
0
0
0
0
0
0.84001
0
0
0.291432
0
0
0
0
0
0.849506
0
0
0
0
0
1.27457
0
0
0.413396
0
0
0.859937
0
0
0.326486
0
0
0.963212
0
0
0
0
0
0.106656
0
0
1.7844
0
0
0
0
0
0.65406
0
0
0
0
0
0
0
0
0
0
0
0
0
0
1.98023
0
0
0.0823674
0
0
0.82878
0
0
0.572407
0
0
0.316246
0
0
0
0
0
0
0
0
0
0
0
0.258943
0
0
0
0
0
0
0
0
2.78448
0
0
0.561384
0
0
0.796322
0
0
0
0
0
0.276104
0
0
0
0
0
1.49596
0
0
0.596666
0
0
0.463238
0
0
0
0
0
0.19739
0
0
0.614667
0
0
0.0370557
0
0
1.20214
0
0
0.656993
0
0
0.141562
0
0
0.206235
0
0
0.630403
0
0
0.666272
0
0
2.25385
0
0
0
0
0
1.43936
0
0
1.05039
0
0
0
0
0
0.869064
0
0
0
0
0
2.40879
0
0
1.25809
0
0
0.974574
0
0
1.02384
0
0
0
0
0
0.93317
0
0
0
0
0
0
0
0
1.02508
0
0
0
0
0
0
0
0
0
0
0
0
0
0
0
0
0
0
0
0
0.764074
0
0
0
0
0
0.217751
0
0
0.183333
0
0
0
0
0
0
0
0
0.780775
0
0
0.01889
0
0
0.541123
0
0
0.447995
0
0
1.23202
0
0
0.429756
0
0
0.643818
0
0
1.91167
0
0
0.659541
0
0
3.23214
0
0
0.978178
0
0
0.975897
0
0
0
0
0
0
0
0
2.02976
0
0
0
0
0
0.0692324
0
0
0.254167
0
0
1.06871
0
0
0.0309355
0
0
3.07148
0
0
1.12866
0
0
0.778315
0
0
1.24766
0
0
2.04045
0
0
0
0
0
0.19922
0
0
0.564415
0
0
3.94031
0
0
0
0
0
0.197897
0
0
0
0
0
0
0
0
0
0
0
0
0
0
0
0
0
0.467549
0
0
0
0
0
0.254299
0
0
0
0
0
1.51782
0
0
1.36139
0
0
1.49133
0
0
0.0384979
0
0
0.449856
0
0
0
0
0
2.68012
0
0
0.737663
0
0
0.252801
0
0
0.0756124
0
0
0.877802
0
0
0
0
0
1.11043
0
0
0
0
0
0.607372
0
0
0
0
0
0.314222
0
0
0
0
0
0
0
0
0
0
0
0
0
0
0
0
0
1.22244
0
0
0.669008
0
0
0
0
0
0
0
0
1.27146
0
0
0.632018
0
0
1.54062
0
0
0
0
0
1.12141
0
0
0
0
0
0.903421
0
0
0
0
0
3.61219
0
0
0
0
0
0
0
0
0.633839
0
0
0
0
0
0.371552
0
0
1.56929
0
0
0.617049
0
0
1.02798
0
0
0.186839
0
0
0
0
0
0
0
0
0
0
0
0.51814
0
0
0.0332567
0
0
0.665655
0
0
0
0
0
0.617219
0
0
0
0
0
0.193894
0
0
0.141518
0
0
0.519939
0
0
0
0
0
0.469835
0
0
0.399128
0
0
0.952958
0
0
0.595951
0
0
0
0
0
0
0
0
0.338597
0
0
0
0
0
0
0
0
2.51598
0
0
0.704476
0
0
0.795735
0
0
0.816687
0
0
0.394957
0
0
1.48443
0
0
1.99423
0
0
0
0
0
3.18874
0
0
0
0
0
0
0
0
0.148027
0
0
0.400815
0
0
0.532558
0
0
0
0
0
0.514686
0
0
0.164342
0
0
1.06389
0
0
0.0712957
0
0
0
0
0
1.28518
0
0
0.252517
0
0
0
0
0
0
0
0
0
0
0
1.95005
0
0
0
0
0
1.59503
0
0
0
0
0
0
0
0
2.80553
0
0
0.283719
0
0
0
0
0
0.255349
0
0
1.30233
0
0
1.43833
0
0
0
0
0
0
0
0
0
0
0
0
0
0
0
0
0
1.71444
0
0
0.341717
0
0
0.521793
0
0
0.913482
0
0
0
0
0
0.471956
0
0
1.95205
0
0
0
0
0
0.834391
0
0
0
0
0
0
0
0
0.234248
0
0
0.954977
0
0
0
0
0
0.013902
0
0
0
0
0
0.246685
0
0
1.31518
0
0
0.528006
0
0
0.818246
0
0
3.13801
0
0
2.72633
0
0
0.695405
0
0
1.73899
0
0
0.556296
0
0
0
0
0
0
0
0
0
0
0
0.546968
0
0
0
0
0
0.533108
0
0
3.5144
0
0
0
0
0
0
0
0
0
0
0
0.0861594
0
0
0
0
0
0.493424
0
0
0.222019
0
0
1.24306
0
0
0.019114
0
0
0.306121
0
0
0
0
0
0.0388366
0
0
0
0
0
0.134956
0
0
0
0
0
0
0
0
0
0
0
0.369407
0
0
0.403543
0
0
0.234868
0
0
0.347647
0
0
0
0
0
0
0
0
0.783219
0
0
2.10777
0
0
1.51843
0
0
0.38151
0
0
0
0
0
0.637161
0
0
0
0
0
0
0
0
0.271199
0
0
0
0
0
0
0
0
0.261122
0
0
0
0
0
0
0
0
0
0
0
0.862189
0
0
0.877604
0
0
0
0
0
1.95829
0
0
2.4682
0
0
0
0
0
0
0
0
0
0
0
0
0
0
0.192697
0
0
0
0
0
0
0
0
0.326238
0
0
0
0
0
0
0
0
0
0
0
0
0
0
0
0
0
0
0
0
1.13714
0
0
1.42551
0
0
0
0
0
1.34867
0
0
0.54051
0
0
0
0
0
0
0
0
0
0
0
0
0
0
0
0
0
0.559381
0
0
0.279833
0
0
0.38485
0
0
0
0
0
0.10033
0
0
0.361877
0
0
3.11196
0
0
0.145018
0
0
0
0
0
0.305471
0
0
0
0
0
1.4808
0
0
0
0
0
3.11648
0
0
1.14214
0
0
0
0
0
1.27686
0
0
0.716415
0
0
0
0
0
0
0
0
0
0
0
0
0
0
0
0
0
0.750975
0
0
1.6327
0
0
0.480565
0
0
0
0
0
0.716942
0
0
0
0
0
0.782679
0
0
0.643908
0
0
0.117219
0
0
0.552793
0
0
1.02334
0
0
2.778
0
0
0
0
0
0
0
0
0
0
0
0.857653
0
0
0
0
0
0.83946
0
0
0
0
0
1.00299
0
0
0
0
0
0.368635
0
0
1.23614
0
0
0
0
0
0
0
0
0.890357
0
0
0.668495
0
0
0.561718
0
0
0.260519
0
0
0
0
0
0.5591
0
0
0.232862
0
0
0
0
0
0
0
0
4.04132
0
0
0
0
0
0.492238
0
0
1.64576
0
0
1.12657
0
0
0.156634
0
0
0
0
0
1.61197
0
0
0
0
0
1.02576
0
0
0
0
0
0.41895
0
0
0
0
0
1.43338
0
0
0
0
0
0
0
0
0.488397
0
0
0.609214
0
0
0.226505
0
0
1.0747
0
0
0
0
0
0.963981
0
0
0
0
0
0
0
0
0
0
0
0.771477
0
0
0
0
0
1.11953
0
0
0
0
0
0.228103
0
0
0.212687
0
0
0.1272
0
0
0.215978
0
0
0.967867
0
0
0
0
0
0
0
0
0
0
0
0
0
0
0.554364
0
0
0
0
0
0
0
0
0
0
0
0.90205
0
0
1.47313
0
0
0
0
0
0
0
0
0
0
0
0
0
0
0
0
0
0
0
0
0
0
0
0.201419
0
0
1.66497
0
0
0.499374
0
0
0.360262
0
0
2.25397
0
0
0
0
0
0.268203
0
0
0.784999
0
0
0.039584
0
0
0
0
0
0.29614
0
0
1.48729
0
0
0
0
0
1.66685
0
0
0.363894
0
0
0.864302
0
0
0
0
0
0
0
0
0.00365949
0
0
0.663004
0
0
0.276348
0
0
0
0
0
0.219936
0
0
0
0
0
0
0
0
0
0
0
0
0
0
0
0
0
0.395725
0
0
0.392275
0
0
0.260635
0
0
0.412552
0
0
1.39842
0
0
1.34097
0
0
0
0
0
0
0
0
0
0
0
0.312352
0
0
0
0
0
0.401484
0
0
0
0
0
0
0
0
0
0
0
0
0
0
0
0
0
0.922071
0
0
1.58175
0
0
0
0
0
2.05171
0
0
2.76936
0
0
0.228464
0
0
0.316749
0
0
0
0
0
0
0
0
0
0
0
0.558944
0
0
0.688378
0
0
3.57351
0
0
0.574621
0
0
1.17812
0
0
0.134059
0
0
0.587135
0
0
0.122182
0
0
0
0
0
0
0
0
0.880093
0
0
0.00475412
0
0
0
0
0
0
0
0
0
0
0
0
0
0
1.8702
0
0
0.748374
0
0
0
0
0
0.610008
0
0
0
0
0
1.01953
0
0
1.61291
0
0
0.965279
0
0
0.920203
0
0
0
0
0
0
0
0
1.79189
0
0
0
0
0
0.567195
0
0
1.02661
0
0
0
0
0
1.76425
0
0
0.312061
0
0
0
0
0
0.599896
0
0
0.623147
0
0
0.875771
0
0
0
0
0
1.82412
0
0
0
0
0
0.984453
0
0
0.438744
0
0
0
0
0
3.19478
0
0
0.762855
0
0
1.50041
0
0
0
0
0
0.611008
0
0
0.450038
0
0
0.126983
0
0
0
0
0
0
0
0
0
0
0
0.814212
0
0
0
0
0
0
0
0
0
0
0
0
0
0
0
0
0
1.85735
0
0
0.123759
0
0
0
0
0
0
0
0
0
0
0
0.287922
0
0
0.301102
0
0
1.11019
0
0
0
0
0
0
0
0
0.304111
0
0
0
0
0
0
0
0
0
0
0
0.11416
0
0
0.492445
0
0
0
0
0
0
0
0
0.659426
0
0
0
0
0
0
0
0
0
0
0
0.357793
0
0
0.321836
0
0
0
0
0
1.03711
0
0
0.853111
0
0
0
0
0
1.00571
0
0
0.591166
0
0
0.910863
0
0
0.566877
0
0
0
0
0
0
0
0
0.770183
0
0
1.82504
0
0
0
0
0
0.594679
0
0
0.525397
0
0
0.435044
0
0
0.210291
0
0
0
0
0
0.848448
0
0
0
0
0
0
0
0
0
0
0
0
0
0
1.25187
0
0
0
0
0
0.211716
0
0
0
0
0
0
0
0
0.742728
0
0
0
0
0
0.853885
0
0
0
0
0
0.0815723
0
0
2.57586
0
0
0.736649
0
0
0
0
0
0
0
0
0.140908
0
0
0.224202
0
0
0.186989
0
0
0
0
0
0.743414
0
0
0
0
0
0
0
0
0
0
0
0
0
0
0
0
0
0
0
0
2.18476
0
0
0.861873
0
0
0.342152
0
0
1.05764
0
0
0.86095
0
0
0.467153
0
0
0
0
0
0
0
0
0
0
0
1.47485
0
0
0.603798
0
0
0
0
0
0.673091
0
0
0.620286
0
0
0.543281
0
0
0
0
0
0
0
0
1.30856
0
0
0.45353
0
0
0
0
0
0
0
0
0.697171
0
0
0
0
0
0.642448
0
0
0
0
0
0
0
0
0.221703
0
0
1.59037
0
0
0.218977
0
0
0.0987664
0
0
0
0
0
1.04335
0
0
0
0
0
0.748386
0
0
1.62312
0
0
0
0
0
0.574518
0
0
0
0
0
0.280292
0
0
0.287704
0
0
0
0
0
1.21932
0
0
0.655893
0
0
0.491091
0
0
0
0
0
0.665443
0
0
1.29875
0
0
0
0
0
0.717829
0
0
0
0
0
0
0
0
0
0
0
0
0
0
0.277976
0
0
0.0297147
0
0
0.361048
0
0
0
0
0
1.29788
0
0
0.931678
0
0
0.538878
0
0
0.467008
0
0
0.894434
0
0
0.510272
0
0
0
0
0
0
0
0
0
0
0
4.53402
0
0
0.760712
0
0
0.689033
0
0
4.84937
0
0
0.638056
0
0
2.32037
0
0
0
0
0
1.49169
0
0
0.000154022
0
0
0.0831815
0
0
0.553158
0
0
0.183819
0
0
1.75581
0
0
0
0
0
2.84559
0
0
0.424436
0
0
0
0
0
0.408943
0
0
0
0
0
0.398653
0
0
0.86449
0
0
0.532448
0
0
0.506196
0
0
0
0
0
0
0
0
0
0
0
0.239931
0
0
0.163466
0
0
0
0
0
0.33676
0
0
0.262083
0
0
0
0
0
0
0
0
0.178154
0
0
0
0
0
0
0
0
0.526839
0
0
0
0
0
0.345444
0
0
0
0
0
0.514101
0
0
0
0
0
1.86421
0
0
1.02404
0
0
0
0
0
0.156715
0
0
0.204941
0
0
0
0
0
0
0
0
0.386343
0
0
0.931721
0
0
0
0
0
0
0
0
0
0
0
0
0
0
0
0
0
0
0
0
0.4071
0
0
0
0
0
0.0373499
0
0
1.03014
0
0
0
0
0
0.621957
0
0
0.37518
0
0
0
0
0
0.571583
0
0
0.809488
0
0
2.23329
0
0
0
0
0
0.550243
0
0
0.984798
0
0
0.0913934
0
0
2.99705
0
0
0
0
0
0.639663
0
0
0.0696747
0
0
0.877397
0
0
0.715067
0
0
0.0314105
0
0
0
0
0
0
0
0
0
0
0
0.516874
0
0
0.439612
0
0
0
0
0
2.31162
0
0
0.288342
0
0
0
0
0
1.64725
0
0
0
0
0
0
0
0
0
0
0
0
0
0
0.473222
0
0
2.03782
0
0
0
0
0
1.2466
0
0
1.01322
0
0
2.22884
0
0
0
0
0
1.01073
0
0
1.7247
0
0
0
0
0
0
0
0
0.136056
0
0
0.754193
0
0
0
0
0
0
0
0
1.26714
0
0
0
0
0
0.454581
0
0
1.79354
0
0
0.382672
0
0
0
0
0
1.84469
0
0
0
0
0
0.312685
0
0
0
0
0
0
0
0
3.08436
0
0
0
0
0
0
0
0
1.35002
0
0
0
0
0
0
0
0
0.329104
0
0
0.245066
0
0
0.534526
0
0
0.0890318
0
0
0
0
0
0
0
0
0
0
0
0
0
0
0.201503
0
0
0.380002
0
0
0.567498
0
0
0
0
0
0
0
0
0.762932
0
0
0.115061
0
0
2.29651
0
0
0
0
0
0.661512
0
0
0.791566
0
0
0.168811
0
0
0
0
0
0.287802
0
0
0
0
0
1.84474
0
0
0
0
0
0.903832
0
0
0
0
0
0.597101
0
0
0
0
0
0
0
0
0
0
0
0
0
0
0.3601
0
0
0.181659
0
0
0
0
0
0.0443982
0
0
0.637776
0
0
0
0
0
0
0
0
0
0
0
0
0
0
1.5306
0
0
0
0
0
0.213242
0
0
2.29228
0
0
0
0
0
0.629171
0
0
0
0
0
0
0
0
0.506347
0
0
0
0
0
0
0
0
0.20882
0
0
0
0
0
0.465579
0
0
0.157835
0
0
0.493539
0
0
0
0
0
0
0
0
0.426899
0
0
0
0
0
0.720668
0
0
2.1556
0
0
0
0
0
0.302498
0
0
0.484719
0
0
0
0
0
0.341707
0
0
0.324802
0
0
0.474238
0
0
0.545384
0
0
0
0
0
0
0
0
0
0
0
0.288618
0
0
1.30752
0
0
2.97962
0
0
1.37201
0
0
1.92462
0
0
4.86748
0
0
3.42444
0
0
1.94889
0
0
1.45269
0
0
5.17103
0
0
1.65423
0
0
0.235954
0
0
1.87528
0
0
0.623855
0
0
2.43656
0
0
1.67572
0
0
1.46803
0
0
1.97519
0
0
1.30686
0
0
0.612862
0
0
1.82962
0
0
0.0142436
0
0
1.29308
0
0
3.78875
0
0
1.91219
0
0
0.310372
0
0
2.97459
0
0
1.85214
0
0
2.21955
0
0
1.30131
0
0
2.01347
0
0
1.41325
0
0
3.18734
0
0
2.45346
0
0
2.06217
0
0
2.32415
0
0
1.53139
0
0
3.64935
0
0
0.615933
0
0
0.0360741
0
0
2.61627
0
0
0.851746
0
0
1.04922
0
0
0.654044
0
0
1.59934
0
0
0.0266281
0
0
0.665313
0
0
1.75073
0
0
0.121517
0
0
1.33573
0
0
0.614538
0
0
0.713271
0
0
0.616067
0
0
2.23492
0
0
3.77439
0
0
1.27258
0
0
1.0664
0
0
3.18721
0
0
3.24177
0
0
1.38002
0
0
0.826488
0
0
2.00366
0
0
1.534
0
0
1.53026
0
0
3.32645
0
0
3.83959
0
0
0.799554
0
0
4.87373
0
0
0.896093
0
0
2.78348
0
0
0.2367
0
0
0.027964
0
0
1.02337
0
0
0.61607
0
0
0.888161
0
0
2.53123
0
0
0.487831
0
0
3.03328
0
0
2.86534
0
0
4.35771
0
0
1.1754
0
0
1.76007
0
0
1.70737
0
0
2.26941
0
0
1.86297
0
0
2.98313
0
0
0.416048
0
0
1.33129
0
0
1.91327
0
0
0.00857182
0
0
1.33399
0
0
3.21816
0
0
0.993932
0
0
3.15702
0
0
0.0961001
0
0
2.18175
0
0
1.17756
0
0
1.39857
0
0
2.39233
0
0
2.61995
0
0
1.21951
0
0
2.44363
0
0
1.50721
0
0
2.43229
0
0
1.90193
0
0
0.0309573
0
0
1.9041
0
0
1.55473
0
0
5.31443
0
0
0.4756
0
0
2.53737
0
0
0.820131
0
0
1.94096
0
0
0.882538
0
0
3.36233
0
0
4.51276
0
0
0.616068
0
0
0.616033
0
0
1.73976
0
0
2.26408
0
0
2.18048
0
0
1.47204
0
0
1.29856
0
0
1.62532
0
0
0.152969
0
0
1.16634
0
0
1.20903
0
0
2.65527
0
0
1.42393
0
0
1.80776
0
0
2.57771
0
0
1.36204
0
0
1.14073
0
0
1.05997
0
0
1.25069
0
0
1.19068
0
0
1.38171
0
0
1.6784
0
0
1.05255
0
0
0.0511712
0
0
1.26777
0
0
1.32661
0
0
2.34185
0
0
1.5652
0
0
1.61173
0
0
1.93449
0
0
1.11223
0
0
2.51916
0
0
2.98223
0
0
0.736188
0
0
2.51518
0
0
2.92771
0
0
1.63776
0
0
2.73154
0
0
1.01127
0
0
0.558014
0
0
1.41805
0
0
0.257266
0
0
1.7889
0
0
1.50983
0
0
2.97078
0
0
3.12663
0
0
1.67447
0
0
0.982233
0
0
1.06008
0
0
0.0417068
0
0
0.0125738
0
0
3.03474
0
0
3.85772
0
0
2.84197
0
0
4.31124
0
0
2.71695
0
0
2.06569
0
0
0.616371
0
0
2.90598
0
0
2.11608
0
0
1.31279
0
0
0.589902
0
0
2.19226
0
0
1.60083
0
0
0.242356
0
0
0.600818
0
0
0.616037
0
0
2.09418
0
0
3.23171
0
0
1.73918
0
0
2.70186
0
0
1.58566
0
0
1.34128
0
0
2.29197
0
0
1.44227
0
0
0.376091
0
0
7.30973
0
0
1.87424
0
0
3.00242
0
0
5.3979
0
0
0.623225
0
0
0.230039
0
0
0.936666
0
0
0.0498303
0
0
1.5886
0
0
0.616056
0
0
4.11733
0
0
1.80722
0
0
3.30069
0
0
4.34294
0
0
2.26178
0
0
0.0188069
0
0
3.98871
0
0
0.865661
0
0
1.1665
0
0
1.13012
0
0
1.73686
0
0
0.825545
0
0
0.207
0
0
0.615622
0
0
2.62648
0
0
1.4062
0
0
1.00612
0
0
1.05217
0
0
0.124772
0
0
0.611126
0
0
3.45925
0
0
2.12444
0
0
1.60857
0
0
3.5727
0
0
2.86729
0
0
5.91523
0
0
1.47963
0
0
0.0349109
0
0
1.60637
0
0
5.546
0
0
0.00614973
0
0
0.616011
0
0
0.974643
0
0
3.02684
0
0
1.43908
0
0
3.09517
0
0
1.31527
0
0
1.89217
0
0
0.0731346
0
0
2.6833
0
0
2.37905
0
0
1.03799
0
0
0.119536
0
0
4.32075
0
0
3.0018
0
0
4.70694
0
0
0.161689
0
0
1.80832
0
0
3.38068
0
0
0.348185
0
0
3.11218
0
0
1.64296
0
0
2.66938
0
0
2.35447
0
0
1.11869
0
0
0.615911
0
0
0.607998
0
0
3.16169
0
0
1.45584
0
0
0.78967
0
0
0.0259152
0
0
4.49065
0
0
1.73356
0
0
0.493113
0
0
0.616067
0
0
0.399665
0
0
1.53098
0
0
1.32842
0
0
1.88597
0
0
0.748447
0
0
1.86394
0
0
0.00553656
0
0
3.3773
0
0
0.764492
0
0
1.78647
0
0
2.62305
0
0
0.358923
0
0
2.98901
0
0
1.44914
0
0
0.0347597
0
0
2.25553
0
0
0.0144022
0
0
2.44693
0
0
0.957522
0
0
0.0236886
0
0
3.84622
0
0
0.940417
0
0
2.96724
0
0
0.177724
0
0
0.967254
0
0
3.53648
0
0
1.81671
0
0
1.14267
0
0
0.0126551
0
0
1.7497
0
0
0
0
0
1.44105
0
0
0.863988
0
0
0.846905
0
0
0.837405
0
0
3.16893
0
0
1.38014
0
0
4.33909
0
0
0.965031
0
0
0.616106
0
0
1.31542
0
0
0.151784
0
0
0.615994
0
0
2.68867
0
0
0.848105
0
0
0.926882
0
0
1.30087
0
0
0.228424
0
0
1.28259
0
0
1.41484
0
0
0.0165473
0
0
0.616052
0
0
0.976231
0
0
1.05582
0
0
0.82634
0
0
1.72433
0
0
3.57436
0
0
1.21907
0
0
2.19945
0
0
3.24059
0
0
3.60735
0
0
2.37997
0
0
1.33735
0
0
3.69639
0
0
1.42467
0
0
1.7499
0
0
0.785665
0
0
1.46023
0
0
3.44989
0
0
1.59475
0
0
0.616068
0
0
4.89816
0
0
1.43529
0
0
0.267485
0
0
1.38638
0
0
1.29841
0
0
1.0946
0
0
0.61639
0
0
3.01753
0
0
1.84912
0
0
0.813634
0
0
0.0126779
0
0
2.42153
0
0
3.48034
0
0
0.616068
0
0
0.0116599
0
0
0.80775
0
0
0.0142679
0
0
0.380336
0
0
2.05617
0
0
2.269
0
0
1.13724
0
0
3.0331
0
0
1.37725
0
0
2.09113
0
0
2.47819
0
0
3.34573
0
0
0.0685877
0
0
5.17335
0
0
1.40116
0
0
1.47983
0
0
0.787361
0
0
0.0918658
0
0
2.91543
0
0
1.24244
0
0
1.99364
0
0
1.9591
0
0
1.09003
0
0
2.564
0
0
1.87985
0
0
1.58429
0
0
1.64322
0
0
1.4316
0
0
0.625468
0
0
1.39625
0
0
1.31964
0
0
2.26527
0
0
3.80167
0
0
1.00305
0
0
1.37096
0
0
0.613203
0
0
1.69021
0
0
1.70825
0
0
2.82664
0
0
3.54793
0
0
4.55679
0
0
1.37646
0
0
2.47874
0
0
1.57365
0
0
1.48159
0
0
1.30912
0
0
1.44038
0
0
1.64372
0
0
3.10666
0
0
1.20907
0
0
0.614635
0
0
1.81317
0
0
2.69581
0
0
3.64583
0
0
2.95276
0
0
0.00378933
0
0
0.616068
0
0
1.97843
0
0
0.616024
0
0
1.20481
0
0
0.0272892
0
0
3.15683
0
0
0.472826
0
0
1.1513
0
0
0.0425385
0
0
0.201461
0
0
0.00906666
0
0
1.20822
0
0
0.309994
0
0
0.454543
0
0
1.41318
0
0
0.644911
0
0
0.00566742
0
0
0.980394
0
0
2.66614
0
0
0.252404
0
0
1.78692
0
0
0.199117
0
0
0.762829
0
0
0.370287
0
0
0.0692035
0
0
0.00291911
0
0
0.799213
0
0
0.0628306
0
0
0.172371
0
0
0.00784686
0
0
3.70414
0
0
0.0449583
0
0
5.07165
0
0
1.57684
0
0
0.0193678
0
0
0.232613
0
0
0.344161
0
0
0.331603
0
0
3.97253
0
0
2.27152
0
0
0.119585
0
0
3.45212
0
0
0.0199694
0
0
0.180713
0
0
0.0344301
0
0
0.788144
0
0
0
0
0
0.44323
0
0
0.0253367
0
0
0.840665
0
0
0.337025
0
0
2.16345
0
0
0.00449919
0
0
0.106954
0
0
1.29903
0
0
0.0174225
0
0
0.248946
0
0
0.288911
0
0
0.684508
0
0
0.502028
0
0
0.00439445
0
0
3.2385
0
0
0.0175173
0
0
0.0122007
0
0
0.102004
0
0
0.017854
0
0
1.8774
0
0
