0.0291542
0.0396735
-0.00311005
-0.000242744
8.28781e-005
5.36133e-005
0.00597915
-0.00305766
0.103883
-0.000139304
-2.28154e-005
9.13543e-005
0.00305415
-0.000538084
0.0405103
9.19991e-005
-7.95977e-005
6.98404e-005
0.0944468
-0.0619874
0.093467
-1.17561e-005
3.35908e-006
-0.000366221
-0.0241601
-0.211256
0.0482252
9.22702e-005
0.000221929
0.000250879
0.124914
-0.170355
-0.0584945
-3.2993e-005
0.000142983
-7.11311e-005
-0.0460344
0.0002479
0.0576763
0.000225225
1.22629e-005
2.72996e-005
0.10802
0.000770674
-0.0119001
-3.84131e-005
-1.02817e-005
3.31271e-005
-0.0956907
-0.000370991
-0.0373521
0.000351995
-0.00022237
-4.95364e-005
0.0963231
0.000195375
0.0457358
0.000216711
-1.09703e-005
-0.000258239
-0.0198893
-0.198058
0.0498363
0.000148765
-0.000294057
-0.000136424
-0.157779
0.000825065
0.0341849
-0.00038074
-1.82983e-005
2.14237e-005
0.0534477
0.0406251
0.0784265
-9.31076e-005
1.22833e-005
-0.000195624
0.217327
-4.30379e-005
-0.366928
-0.000139961
0.000195588
0.000217579
0.0752253
-0.000314231
-0.151494
-6.14702e-006
-0.000394944
-0.000168937
0.0732497
0.0211906
0.106238
0.000187884
-6.7577e-006
2.81846e-005
0.17997
0.128007
-0.0024435
0.000281597
-1.04012e-005
5.81441e-006
0.0328444
-0.00916749
0.0495371
4.11486e-005
-6.37589e-005
-5.47977e-005
0.0626565
0.000514829
0.136834
-7.97958e-005
-3.47575e-005
8.53017e-006
-0.00538456
0.00516546
0.0500924
-4.87152e-006
-4.74317e-005
0.000123971
-0.176391
-0.0229711
-0.106449
5.9941e-006
1.07084e-005
-0.000160772
0.127502
0.000181493
0.00378019
-0.000246692
-7.21327e-005
0.000145066
0.135731
-0.0216152
0.0232439
2.38023e-005
0.000190508
2.91511e-005
0.144251
0.074106
0.0917879
6.36878e-006
-1.29167e-005
-8.83383e-006
0.0411183
0.000623048
-0.163996
-0.000107895
2.27223e-005
0.000118323
-0.0479921
7.8942e-005
-0.0179048
-0.000131164
0.000112804
0.000120198
-0.216626
0.000312317
0.0245522
-0.000376091
-2.71494e-005
-4.65417e-005
0.00105733
0.00801801
0.016296
7.75063e-005
-4.21129e-006
7.86053e-005
-0.000288521
-0.0587872
-0.0661304
4.65562e-005
-0.000273059
-0.000107685
0.0162498
-0.00134725
-0.00694574
7.2534e-005
0.00024819
3.84963e-005
-0.0138361
-0.00942386
0.0316472
-1.73355e-005
2.22251e-005
7.06515e-005
-0.133465
-0.101037
-0.0724566
-2.55077e-005
-0.000151131
0.000307353
0.0336716
-0.145445
-0.0293695
-0.000199596
5.02967e-005
0.000101797
0.0269788
0.00790125
0.000920363
-0.00011739
-4.2137e-005
-2.56493e-005
-0.137971
9.6285e-006
0.0286145
-0.000355367
-5.81498e-006
7.46587e-005
0.22051
-0.00074141
0.038832
0.000207056
-6.23936e-005
-5.09216e-005
0.251648
0.000305332
-0.113713
-0.000163737
-3.32308e-005
0.000196642
-0.0844591
0.0229566
-0.127306
-2.39735e-005
-0.00022712
-0.00028125
-0.0750939
0.00152319
-0.0839595
-0.000136882
-0.000239705
0.000289994
0.0277331
0.0141506
0.0115788
0.000132433
-0.000231857
0.000281917
0.081769
-0.000433062
-0.135817
8.42594e-005
-0.000257676
1.11018e-007
0.0535955
-0.0215089
0.0055032
-0.000127817
-1.74793e-006
0.000210025
0.204827
-0.000690529
-0.450849
0.000367501
-0.000365032
-0.000243634
0.0830184
-0.103002
0.360588
-3.35182e-005
7.00795e-005
-2.98321e-005
-0.0952635
0.000704707
0.0068564
4.42718e-005
3.15216e-005
-7.88506e-005
-0.112186
-0.000432844
0.0411114
5.46268e-006
-9.79452e-006
0.000100551
-0.0450389
-0.000167161
-0.0247727
3.56614e-005
-2.62369e-006
2.09397e-005
0.011826
7.17968e-006
0.172761
-3.29916e-005
-6.4903e-006
2.40722e-005
-0.0764246
0.115827
0.0170417
-8.70755e-005
3.06705e-005
0.000198512
0.0445712
0.00127497
0.105942
-9.20359e-005
-1.41408e-005
-4.38866e-005
0.0330692
1.62238e-007
0.000308588
0.000168419
0.000208255
-1.16222e-005
-0.137206
-6.41962e-005
-0.106376
-1.7239e-005
0.000358475
-0.000362981
-0.173389
0.000125197
-0.106346
0.000186094
0.00011889
-2.51382e-005
-0.0359525
-0.00043954
0.0316453
-7.5777e-005
-7.86234e-005
-0.000124869
0.35926
0.00017077
-0.126591
1.49719e-005
1.31038e-005
2.61792e-005
0.229547
0.000132754
-0.0690245
-6.15879e-006
-2.42989e-005
-0.000151501
0.0143257
0.0241658
-0.000798889
0.000102056
1.62074e-005
-5.60175e-005
0.0606684
0.0413951
0.142868
0.000146622
-4.16194e-005
-3.88183e-005
0.147691
-0.000677091
-0.0930452
-0.00015318
8.94101e-008
8.01022e-006
-0.057134
0.0255919
0.0248588
7.0468e-005
-1.18135e-005
-3.76432e-005
0.0207803
-0.00075638
0.0686819
2.77416e-005
9.96129e-005
9.72154e-005
-0.182507
0.0511596
0.133723
0.000194065
4.14336e-005
-0.000151138
0.115747
-0.000240179
-0.376996
-3.88532e-005
1.67624e-005
0.000180437
0.138958
2.34677e-008
0.0992415
2.43035e-005
5.68601e-005
-4.99109e-005
-0.0869453
0.000475306
-0.151819
6.02054e-005
0.000163273
-4.70913e-006
-0.0384606
-0.0123722
-0.139179
6.51755e-005
5.6469e-005
0.000141375
-0.0151859
-0.0169878
-0.00258815
8.75196e-005
6.6077e-005
3.47541e-005
0.277608
0.0257139
-0.0336316
-0.000139421
-0.000278146
-8.30906e-005
-0.0382051
-0.0772749
0.0692297
-8.77906e-005
-8.57808e-006
0.000425436
0.288664
-5.7778e-008
0.0368844
-6.41555e-005
1.12482e-005
-4.25131e-005
-0.0618727
-0.000570841
-0.040682
-0.000229943
-0.000236437
0.000102799
0.0970633
0.00214307
0.00380964
-0.000214186
1.93391e-005
0.00010949
-0.000821164
-0.225898
0.0552257
1.21387e-005
0.000218696
-0.000351983
0.118721
0.000883812
-0.0720501
0.00012414
4.98672e-005
-0.000265948
-0.107512
-0.0836968
-0.0273371
9.60619e-006
3.73066e-005
-2.24763e-005
0.0359663
0.000364745
-0.0127911
-0.000178342
0.000206058
0.000231682
0.0408782
-6.05736e-006
0.0241713
0.000211728
-0.000142171
0.000126216
-0.0387609
-0.00010492
0.0477988
0.000191895
0.000162784
0.000157147
-0.0831566
-0.0718382
0.037638
-0.000209215
-4.95365e-005
9.00228e-005
-0.0755303
0.000270109
-0.0354266
5.82246e-005
-3.80266e-005
8.73479e-005
-0.00935371
0.000430598
0.112978
0.000139012
7.76442e-006
0.00011677
-0.0946916
-0.0860315
0.0403807
-9.97464e-005
0.000124032
5.47754e-005
-0.00392919
-0.00298803
-0.0495359
1.88925e-005
1.37526e-006
-4.01859e-005
0.062738
0.000190923
-0.159007
8.45996e-006
-0.000184338
0.000137068
0.106511
0.000132709
0.000128924
-0.000286803
8.76146e-005
4.97793e-005
-0.0511517
-0.00281283
0.0858497
0.000114083
0.000105965
5.6034e-006
-0.0108152
-9.32207e-005
-0.00966477
-0.000114379
0.000127602
8.7923e-005
-0.0386171
0.0282342
0.141093
-8.88181e-005
-1.4314e-005
-7.94544e-005
0.158309
0.138931
-0.222788
4.80575e-005
-0.000219675
-1.67448e-005
0.127717
-0.358292
0.73003
1.36192e-005
0.00017833
-0.000255404
0.0338725
6.50927e-005
-0.0162605
-0.000264803
3.25211e-005
0.000167831
0.0386353
3.95031e-009
0.0361809
-1.01561e-005
-0.000139599
-0.000281178
0.143177
-0.0707144
-0.0229174
1.99656e-005
-1.13404e-005
0.000190794
-0.0365766
-0.000660749
0.114804
-6.64409e-005
-4.8029e-005
2.68246e-005
-0.0317343
-0.0506644
0.100537
2.64297e-005
-0.000213397
0.000302856
-0.00907304
0.000737634
-0.0393066
-3.52441e-006
0.000120617
4.60052e-006
-0.13687
-3.67209e-005
0.0228844
0.000241281
-7.36665e-005
1.10985e-005
0.028106
0.0410853
-0.00672049
-7.88332e-005
4.13059e-005
0.000104352
0.00433907
-0.00146585
0.0253356
2.49e-005
-0.000100482
5.6177e-005
-0.0690117
0.000146549
0.268604
-7.29843e-005
-0.000344348
-0.000109588
-0.0884048
0.00123997
-0.131945
0.000217963
-6.65557e-005
-0.000126035
0.128693
-0.000729584
-0.11018
0.000118598
0.000328198
6.00387e-005
-0.0414331
0.00113531
0.0102094
-1.23118e-005
0.00011186
5.54978e-005
0.0469225
-0.000258372
-0.13014
-0.000106535
-0.000147848
0.000221772
-0.130039
-0.0383806
0.161572
4.14929e-005
6.01084e-005
-0.000141552
-0.298164
0.00206106
-0.0795272
-9.445e-006
0.000103303
1.75873e-005
-0.0999132
-0.000297229
0.167873
0.000231281
-0.000123331
6.47456e-005
0.194166
-0.000497946
-0.0554226
3.43008e-005
0.000152775
0.000146138
0.0488278
0.181901
-0.152117
-0.000145746
2.76187e-005
3.05812e-005
0.00210629
3.35232e-005
-0.0029492
-8.3866e-005
3.6865e-005
-0.000422587
0.004171
-0.155089
0.0154467
6.40578e-006
0.000114167
0.000361146
-0.0663058
0.00010421
0.0114528
5.77433e-005
-5.35356e-006
2.90862e-005
-0.00599744
1.85826e-005
0.0815283
-5.09362e-005
0.000251945
-9.65032e-005
-0.238716
-4.46683e-005
-0.0764108
0.000152022
3.04291e-005
0.000152508
-0.00253219
-0.000215173
-0.0407788
0.000126859
-0.000136402
-1.15922e-005
0.0999306
0.00236412
-0.138272
0.000108795
-0.000154722
-1.27173e-005
-0.0114173
0.000442844
0.0932826
1.52371e-005
3.71495e-005
-9.33212e-005
-0.0687549
-6.19835e-005
-0.469168
-0.00038122
0.000153762
-0.000201109
0.0757385
-0.0350254
0.116307
6.02264e-005
-7.96646e-006
-0.00017344
-0.157269
-0.000100147
0.201172
0.000146934
-1.82057e-006
2.30554e-005
-0.129689
0.00280902
-0.00515007
-4.65436e-005
7.51688e-005
7.91795e-005
0.0395934
-0.0931245
-0.0665825
1.32121e-005
0.000156295
0.000224252
0.00940109
-0.000422614
0.0648336
-0.000177414
0.000220971
-8.47241e-005
0.129349
0.000353984
0.000144887
-2.11167e-005
-0.000158159
0.000155516
-0.0197904
-0.00034085
0.138484
1.24257e-006
-2.66972e-005
-9.76332e-005
-0.236507
0.0645372
-0.009627
0.000139393
5.47145e-006
-0.000133606
-0.0369602
-0.00025475
0.0476157
-1.91164e-005
-4.38136e-005
-2.50561e-005
-0.054246
-0.000257987
-0.0884002
3.92835e-005
3.50228e-005
-1.05462e-005
0.0220215
0.000393201
-0.21558
-1.45983e-005
-0.000112906
0.000115338
0.0320011
0.0013335
-0.0694152
7.85954e-005
0.000190469
-5.11774e-005
0.0742418
0.00648838
0.0951447
-0.000267529
8.61772e-005
-0.000208712
-0.0653976
0.000165045
-0.0247563
0.00013532
-0.000173007
0.000112286
0.0206863
-0.142728
0.00870042
-0.000182154
6.79822e-005
9.7796e-005
-0.118666
-2.3584e-005
-0.0913121
0.000518462
0.000503133
0.000112558
0.0120939
0.000341104
0.0786237
3.64786e-005
-2.43454e-005
-3.70512e-005
0.0511339
0.0493067
-0.0368667
8.72018e-005
-4.33268e-006
1.47895e-005
-0.13333
0.0600612
0.0473055
6.05135e-005
4.426e-005
2.52955e-005
-0.14259
0.000810782
0.0917095
-1.57874e-005
-7.70673e-006
-0.000123104
0.083241
-0.000807088
-0.147554
-0.000111688
6.21768e-006
-6.66445e-005
-0.0403993
0.000516059
0.000660143
-7.97623e-006
5.9285e-006
1.13537e-005
0.00408271
-0.0306919
0.0300305
-2.15357e-005
-5.78577e-005
0.000170136
0.173549
-0.00111939
0.020194
5.18782e-005
-3.89225e-005
-5.92163e-005
0.131073
-0.000206755
0.151835
0.000306448
-5.36903e-005
0.000550665
0.0161228
0.0119556
-0.174607
-3.15206e-005
0.000120822
2.24609e-005
-0.105591
-0.064047
0.0493138
9.10292e-006
-9.20325e-005
-7.75741e-006
-0.146847
-6.68801e-009
0.137168
6.74107e-005
0.000216402
4.56311e-005
-0.09917
5.37633e-008
-0.00564026
4.11572e-006
1.4927e-005
3.88482e-005
0.110467
0.000209183
-0.153667
3.56819e-007
1.93577e-005
6.78149e-005
-0.00901401
0.00152348
0.104275
4.22099e-005
-7.09429e-005
-1.34963e-005
0.010194
0.0137248
0.0170515
-4.63561e-005
0.000138815
0.00042212
-0.0107668
-6.81334e-005
0.0355389
-2.64647e-007
-4.18612e-005
-8.46557e-006
0.0062694
0.000267612
-0.0884426
-0.000109419
1.64007e-005
0.000121488
-0.00944786
-0.0642691
0.0148208
-7.44684e-005
-3.57546e-005
-4.8903e-005
0.117398
0.000652396
0.0159386
3.56038e-005
9.55056e-005
-5.37761e-005
0.11905
-0.000358926
0.0462571
6.59699e-005
-0.000242025
-6.7776e-006
0.0385177
-0.00022612
-0.449807
3.54725e-005
6.95169e-005
0.000302553
-0.0487078
0.120819
-0.0110908
2.91049e-005
5.10277e-005
-2.7567e-005
-0.0788145
0.000998218
-0.0453876
0.000252391
-0.00015514
1.85417e-005
0.0494439
-3.91167e-005
0.0570019
3.25998e-005
7.00804e-005
0.000116233
0.0780728
0.000175831
-0.0551661
-0.000129253
0.000425539
0.000360122
0.0804571
-0.0538276
0.0985026
-0.000174507
-3.11182e-005
7.68725e-005
-0.102509
-0.0674292
0.031145
1.44293e-005
-1.33228e-005
-3.05896e-005
0.141481
-0.000233598
0.136655
-0.000103234
-0.000125706
1.79804e-005
-0.0559537
-0.0143679
-0.0868725
7.82113e-005
0.000207394
-9.29314e-005
0.0440286
0.015748
-0.0887247
0.00019955
-0.000322767
9.77973e-005
-0.131302
0.000126722
-0.114276
0.000463921
0.000316505
-8.08477e-005
-0.049668
0.000680211
-0.019202
8.51548e-006
-0.000109389
5.95881e-005
-0.0757105
0.000184603
-0.144436
-4.28781e-005
-0.000255349
-4.62865e-006
-0.0346865
-0.116349
0.115889
6.33589e-005
-0.000130143
-2.24241e-005
0.151345
0.0315441
-0.165541
9.60858e-005
-0.000119286
0.000167493
-0.105391
0.00557927
-0.14127
-8.00599e-005
0.000129909
0.000290491
0.298308
-0.000458631
-0.050778
-4.86066e-006
-1.31464e-006
-7.74016e-006
0.109191
0.00157891
0.10603
1.45032e-005
-1.09479e-005
-2.59648e-005
0.067454
-0.000807532
-0.155701
6.03151e-005
-3.17321e-005
-0.000196407
0.0336458
-0.000609462
0.185471
-0.000316808
-7.24853e-005
7.10816e-005
0.0128969
0.00197145
0.0697154
-6.8686e-005
-0.000149704
-0.00021613
-0.0782388
-0.0357464
0.0679047
-0.000164824
2.27222e-005
1.54212e-005
-0.0462129
-0.00127328
0.112477
-2.54198e-005
9.63305e-005
0.000126984
-0.101082
-3.62306e-005
0.105592
-1.77257e-005
-6.92244e-005
-5.93854e-005
0.039069
0.00192984
0.0360459
5.89645e-005
-0.000269956
-9.87698e-005
-0.118526
-0.00220228
-0.0687924
-0.000137803
-3.78024e-005
4.97307e-005
0.00454972
-0.0240669
0.0123779
-2.88971e-005
-5.77798e-006
0.000402445
0.0240093
0.000415358
-0.0350099
1.36354e-005
-1.01728e-005
0.00010233
0.0629257
0.000156732
-0.0979096
1.73033e-005
7.00079e-005
5.87323e-005
0.0930854
0.113843
0.0414361
3.93284e-005
1.69001e-005
0.00025217
-0.0644219
0.0237198
0.115613
3.57329e-005
-4.03373e-006
0.000666347
-0.104246
-0.076575
-0.0739326
-0.000178085
-0.000143819
6.05864e-005
0.0627008
2.9372e-005
-0.059284
0.000116513
7.63312e-007
5.67425e-005
0.192338
-0.0001069
-0.346607
-0.000101068
0.000292403
-6.11397e-005
0.0200184
0.00118232
0.0283344
0.000133604
8.50992e-005
5.21371e-005
0.00799528
0.000563521
-0.00284102
-0.000143337
-0.000117897
-0.000241853
-0.00261017
-0.0155281
0.0403219
-7.7783e-005
-6.06798e-005
1.72976e-005
0.0511123
-0.000239488
-0.0425026
-0.000231943
3.84592e-005
1.26884e-005
0.0117777
0.19578
-0.0451063
-5.31748e-005
0.000121125
0.000128714
0.0147804
0.000141583
-0.0105975
0.000322757
-0.000372941
-0.00017608
-0.140579
0.000289403
0.0229861
0.000166503
-0.000131572
-7.01945e-006
-0.0603191
0.000303247
-0.150217
8.91383e-005
-9.62e-005
6.40944e-005
-0.0646765
0.000543254
-0.044737
4.25229e-005
-7.39878e-005
-4.76391e-005
-0.073543
-0.000931743
-0.0265956
-0.000186733
-0.000151489
-2.11266e-005
0.128962
-0.00087494
0.110733
-0.000133653
8.44368e-005
3.49527e-006
-0.0668749
0.000366721
-0.0364499
0.0001395
-0.000196951
-0.000250687
-0.0762944
-0.0475977
0.0876921
-0.000233483
0.000175952
-0.000251042
-0.0422421
0.0135043
-0.00177803
-1.697e-005
-7.09792e-005
-0.000147836
0.0628465
-0.000248289
0.101063
-7.75383e-005
-3.95439e-005
0.000174015
0.00572619
-0.0609624
0.057988
-4.47716e-005
-5.90537e-005
-5.65577e-005
0.113912
0.000165406
0.227729
4.37862e-005
0.000268408
-0.000189268
-0.0556114
-0.01307
-0.0444339
9.1617e-005
-4.49113e-005
-9.12595e-005
0.0999926
-0.457085
0.282317
-9.78893e-005
-0.000204912
-0.000125015
-0.263574
0.0805807
0.013146
-1.56506e-005
0.000206822
-0.000126953
-0.0930866
0.00516238
-0.0462678
-9.6594e-005
0.000178247
0.000128374
-0.0476299
-0.00677402
0.00297277
-0.000133764
-1.95386e-005
-4.38052e-005
-0.166216
0.0894539
0.148791
4.3586e-006
-9.33747e-005
6.53879e-005
0.292413
-0.000393229
-0.305122
-3.90575e-005
3.59785e-006
-6.43734e-005
0.0153021
0.000175971
0.0973059
-0.000105008
-1.67161e-005
4.94056e-005
-0.100187
0.111416
0.0984115
0.000305303
-6.74883e-006
3.67765e-005
0.0187039
-0.0359658
0.0634439
4.0466e-005
6.20973e-005
-3.57349e-005
0.0987278
0.000179611
-0.19948
6.27624e-006
2.5004e-005
3.36089e-005
0.0163161
-0.00167512
0.00448748
-9.27943e-005
-0.00049382
4.83621e-005
0.0130628
2.7266e-005
0.0588111
2.5193e-005
2.9444e-005
-9.04668e-005
-0.0577707
-0.0705416
-0.0280294
-6.38559e-005
-7.87813e-005
0.000295528
0.0216588
-5.68061e-005
-0.0352814
-4.07147e-005
-8.86228e-005
-2.90106e-006
0.0395233
2.27659e-006
0.0637058
0.000205665
-3.04524e-005
6.69985e-005
0.0108284
0.000996907
0.144955
-2.10777e-005
-6.60452e-005
-0.000228048
-0.0108724
1.19764e-005
0.052902
0.000170518
-0.000146143
2.24676e-005
-0.0414703
-0.000142962
-0.0862195
5.68555e-005
-0.000129288
-0.000127021
0.0237692
-0.00230874
0.0275918
9.92588e-005
0.000183955
4.51351e-005
-0.132874
-0.00160328
0.114724
-6.79893e-006
-5.09279e-005
4.4316e-005
-0.00117235
-0.0314386
0.0293443
2.16048e-005
7.99421e-005
9.45872e-005
-0.031928
-0.0205266
0.0940663
0.000260373
-0.000277895
8.73574e-005
0.0210191
-0.00114575
-0.165357
1.19338e-005
-1.86159e-005
-0.000180443
0.196171
1.3568e-008
-0.142158
0.000202176
-0.000106442
0.000148871
-0.0205025
-0.000643337
-0.0413671
9.25897e-005
0.00047905
-0.000259099
-0.0293444
-0.000405573
-0.0740504
8.50715e-006
-0.000134086
-0.000115088
0.00829131
-0.000347827
-0.00317013
9.38498e-007
-0.000327513
-0.000139273
-0.0610337
0.000437391
-0.0132897
5.10806e-005
-6.94668e-005
-3.04226e-005
0.0281006
-0.000183699
-0.0849043
1.19413e-005
6.80102e-005
0.00018686
0.0173586
0.00081116
0.0285154
-0.000141325
-4.99138e-005
-0.000150807
-0.0470708
-0.000305081
-0.0243044
0.000214509
2.36116e-005
4.23387e-005
0.0189285
0.000273971
0.0119083
6.62477e-005
6.65851e-005
-1.36758e-005
0.00643117
0.00122898
-0.00507336
0.000230215
-6.05187e-005
-5.0055e-005
0.0749561
-0.162482
0.159895
-7.16856e-005
-4.94836e-006
-0.000121865
-0.0848992
-0.135129
0.248981
-5.0209e-005
1.52846e-005
-0.000104364
-0.0198604
-0.000303997
0.168003
0.000139812
0.000112289
-1.23646e-005
0.172151
-0.000141891
-0.044787
-7.33342e-005
0.000358889
7.88564e-006
-0.0334515
0.00658643
0.136304
9.50062e-006
7.61391e-005
-4.19974e-005
-0.0699161
0.000652034
0.0192703
-9.22691e-005
9.33157e-005
-1.50967e-005
0.121583
-1.45184e-007
0.133791
7.61146e-006
-0.000130884
0.000121397
0.0932901
0.095618
-0.0795914
-0.000320563
-4.10193e-006
-1.15689e-005
0.0561121
0.0620808
-0.0173393
-6.4881e-005
0.000386847
-0.000425708
-0.0624189
0.0967859
-0.0559543
5.81188e-005
0.000307668
-1.7972e-005
0.062916
-0.000921717
-0.0358607
5.8164e-005
-7.84145e-005
1.01239e-005
0.0297948
0.0010338
0.232778
1.85593e-005
-0.000123355
5.86075e-005
-0.0263685
0.0791184
-0.0080639
-2.33931e-005
-1.35944e-005
0.000101088
0.080408
-1.25149e-009
0.0504698
2.88693e-006
0.000134386
-0.000219259
-0.0313654
0.0127372
0.103259
-2.62317e-005
8.42268e-005
-0.000148231
0.0874981
0.000101454
-0.141998
0.000145043
0.000229252
0.000299888
-0.15486
-0.00322077
0.175959
-2.69912e-005
0.000140727
9.18669e-005
-0.0573019
0.00136648
0.0788147
1.17228e-005
0.000162539
-0.000109553
0.0325409
-0.000222955
-0.0185932
8.16748e-005
0.000210507
6.37179e-005
-0.0447646
-0.000619259
-0.0275743
-4.64011e-006
-3.89002e-005
-1.63524e-005
0.00567528
-0.0243707
0.0112144
7.1152e-005
0.000177689
-6.40104e-005
0.0106531
-0.00147686
0.157776
0.000141242
1.49145e-005
-0.000100972
0.0312368
-0.000551878
0.0854361
-6.79322e-005
9.81796e-006
7.20961e-005
-0.028966
0.00033286
0.0653274
8.30927e-005
1.20165e-005
8.54258e-005
0.0106119
0.000492851
-0.0326688
-0.000188824
0.00019022
-3.71943e-005
-0.0181613
-0.00129671
-0.22335
-5.53404e-005
-0.000101019
3.2602e-005
0.223936
-0.000388984
-0.0136456
5.57509e-005
-4.14041e-006
-0.000146004
-0.0487403
0.0840834
0.0145056
-0.000109547
7.78117e-007
-8.73813e-005
-0.0135598
-0.210441
0.0516776
5.40644e-005
0.000163985
-0.000437072
0.0210329
-2.51503e-007
-0.092825
-6.04754e-005
-9.10723e-005
-6.3192e-007
0.00497725
-0.0269202
0.0312595
1.77315e-006
0.000152632
-8.59108e-005
0.00433829
0.000439588
0.0989505
3.53832e-005
1.98575e-005
-2.51847e-006
0.102089
7.24366e-006
-0.0489023
3.88071e-005
0.000204892
8.62877e-005
-0.00308734
-0.000265772
0.0425907
4.80745e-005
0.000158675
2.77264e-005
0.135526
8.65836e-005
0.10153
9.99062e-005
-0.000216229
0.000334983
0.155205
-0.0005833
-0.363915
-5.44412e-005
-0.000130383
-9.24936e-005
0.00818317
0.0382579
0.0980019
9.63643e-005
-0.000180103
4.44149e-005
-0.0728431
-0.000669282
-0.160721
1.93293e-005
0.000234826
-8.72958e-005
0.0578352
-0.000120627
0.0751305
0.000279752
-4.09814e-005
1.07004e-005
0.140077
0.0640443
-0.0280896
3.78528e-005
-0.000124756
-3.05173e-005
0.200944
0.000282372
0.182634
-9.32331e-005
-6.45523e-005
-0.000178229
0.133414
-0.000489604
0.00835902
-5.66796e-005
0.000516346
8.64361e-005
0.0408335
-0.000217971
0.0721415
4.71275e-005
-5.40113e-005
2.63309e-005
-0.0579921
-0.00298832
-0.0952412
6.72289e-005
-9.49544e-005
-0.000107205
-0.0147488
-0.000729223
-0.0205556
-2.74278e-005
0.000102846
-6.76765e-006
0.0162882
0.0460874
-0.00387725
-5.27228e-005
1.00516e-005
-1.90564e-005
0.0577722
0.000455419
-0.0415995
-1.45443e-005
9.44073e-005
0.000123404
-0.0832283
-0.112192
0.0852221
3.15888e-005
0.000339379
-2.4259e-006
0.0308901
0.00188578
0.113305
-4.91275e-005
-1.9484e-006
3.8103e-005
-0.00656686
-0.0737066
-0.018128
-2.4761e-006
5.17739e-005
-0.000220436
-0.0558216
-0.0231938
0.116535
8.63887e-005
-5.33537e-005
2.43291e-005
0.050943
3.98425e-008
0.0791359
-6.7196e-005
-1.55397e-005
4.61955e-005
-0.118331
-0.000604099
-0.0945584
2.67691e-005
2.97259e-006
0.000217764
-0.0427259
-0.000418346
-0.0924235
1.32353e-005
6.8505e-005
4.93334e-005
-0.0324081
7.30409e-005
0.0391255
-8.83173e-005
-1.52265e-006
-0.000148403
-0.141468
0.000114537
0.0151127
-4.13461e-005
-2.28953e-005
-4.74079e-005
-0.025262
-0.000454902
-0.0429233
0.000467729
0.000254493
0.000287565
0.0180389
0.00144438
0.0456289
4.08401e-005
-5.23641e-006
-7.94924e-005
0.0752052
0.00150623
-0.385743
1.10711e-005
0.000108278
-3.48833e-005
-0.00803451
-0.0323595
0.0848373
0.000198131
-0.000252638
8.90633e-005
0.00986473
3.63238e-005
-0.160951
4.46086e-005
-5.06608e-005
-0.00030557
-0.0409329
-0.000674712
-0.0292337
-7.622e-005
-2.31903e-006
2.67248e-005
-0.00309165
-0.000251176
0.0881796
-8.70907e-005
0.000122619
3.28798e-005
-0.00222319
-0.00274628
0.0989082
8.11807e-006
2.80311e-005
-5.1867e-005
-0.0271172
0.000407435
-0.157643
4.48784e-005
0.000141769
-9.09405e-005
0.0065728
0.0403282
0.00818817
-5.72323e-005
4.14664e-005
-8.45387e-005
-0.0629969
-0.000675668
0.0687833
-2.2563e-005
0.000149759
-3.09924e-005
0.0517942
0.000111233
0.106702
1.42332e-005
-0.000168105
-2.24693e-005
-0.0133152
-0.180446
0.0741587
-0.000154311
-0.000267812
0.000432049
-0.107234
-0.000313727
-0.0279945
0.000227189
-0.000286486
-0.000159236
-0.189114
0.000477539
0.122652
-0.000114351
0.000102508
-6.64064e-005
0.347912
3.79169e-005
-0.136589
0.000104379
4.70805e-005
-4.96942e-005
-0.0569313
-0.0158179
-0.104576
-0.000268516
4.23323e-005
0.000114643
0.0370573
-0.000470205
0.25229
1.68981e-006
-0.000160023
5.60069e-005
-0.10983
0.0378984
-0.0266327
-0.000308861
1.2287e-005
4.95195e-005
0.200113
-2.41246e-008
-0.16435
-3.33868e-005
-0.000249568
6.93209e-005
0.166251
-0.000260868
-0.0678627
-8.99127e-007
8.63636e-005
2.90437e-005
0.00681201
0.00121836
0.0390682
2.38646e-005
3.63035e-005
-3.46303e-005
0.062466
0.0150869
0.0653875
8.73726e-006
-0.000110593
1.12781e-005
-0.0323051
-0.00144311
-0.0227383
0.000121062
0.000136694
3.7746e-005
-0.0542538
0.00010907
-0.079857
2.50458e-005
5.96219e-005
-4.59353e-006
-0.502661
-0.0856417
0.128253
5.37648e-005
5.48515e-005
8.86463e-006
0.0187037
0.0729696
-0.132924
-7.33994e-005
9.92323e-005
-0.000149301
-0.0518301
-0.000650858
-0.0129
-8.68106e-005
-8.31879e-006
-0.000161025
-0.0563474
9.43702e-005
0.042967
7.26242e-006
-0.000105792
6.22839e-005
0.0151922
0.000334043
0.0335662
-7.69675e-005
6.60045e-005
1.86769e-005
0.0882051
-4.86067e-009
-0.00572847
9.57768e-005
0.000167191
-4.07745e-007
-0.255135
-0.00114559
-0.014683
4.40974e-005
-2.99846e-005
-3.29105e-005
0.0303145
-0.00633397
0.125515
-6.2128e-005
-2.17928e-007
9.66831e-006
0.0499217
-1.48819e-005
-0.115396
4.05857e-005
-6.24447e-005
0.000251843
0.213288
-2.8173e-005
0.0403422
2.63577e-005
0.000140694
8.2278e-005
0.0379672
-6.35861e-005
-0.0391196
-0.000210948
-0.000233328
-6.57957e-005
-0.121887
-0.214618
-0.0291767
3.74011e-005
0.000143105
-2.89623e-005
0.0302693
0.152924
-0.13649
-2.07465e-005
2.26735e-005
-3.96331e-005
-0.0384405
0.0683558
-0.0147537
-2.56909e-005
-1.45133e-005
0.000127512
0.104717
0.000719543
0.00282448
-3.89318e-005
-6.02812e-005
-5.21883e-005
0.0114054
-0.0194593
-0.0360721
1.66829e-005
-4.25602e-005
2.51734e-005
-0.0125388
0.000162015
-0.158805
2.41893e-005
9.13191e-005
-0.000167802
-0.00827342
0.000634905
-0.0609406
-1.1254e-005
-8.9328e-005
-7.34091e-005
-0.00766837
-0.20405
0.0524582
1.62579e-005
0.000120812
-0.000210371
-0.059784
0.00012751
-0.0371161
0.000156555
9.60911e-005
-9.82673e-006
0.129363
-0.0776756
0.086243
-1.26528e-005
-4.59461e-005
-5.42274e-005
-0.0474349
-0.000115969
-0.0231741
-5.10161e-005
-0.000131542
5.80662e-005
0.0316834
0.000183934
-0.0763945
0.000144544
6.44517e-005
2.3765e-005
-0.04621
0.0525159
0.0541622
0.000236669
0.000119903
8.07643e-005
0.004783
-0.0013587
0.141632
-0.000285979
-9.21226e-006
-3.27051e-006
0.0297935
0.140318
0.16685
-0.000108332
0.000222685
-0.000152091
-0.256446
-0.0937312
-0.101235
-2.82781e-005
-7.83498e-005
2.00044e-005
0.000199636
0.000211486
-0.0388591
0.000175945
-6.30842e-005
-5.33165e-005
0.7084
-0.818893
-0.463558
-1.75707e-005
-9.37966e-006
-5.85061e-005
-0.116527
-0.000923457
-0.114512
-2.40923e-005
-5.08295e-005
4.42336e-005
-0.0340322
0.0532644
0.0209062
2.15682e-005
-2.44885e-005
-2.17177e-005
-0.0548907
-0.46371
-0.282195
1.29769e-005
-9.14227e-005
6.86605e-005
0.00287365
-0.000964668
0.0577576
-3.64731e-005
-0.000293421
0.000121075
0.0548259
-0.000738671
0.229577
3.8587e-005
0.000176026
9.4137e-005
0.0234742
0.000260251
-0.0123954
-6.46659e-005
0.000174207
0.000136125
0.0262809
-5.94409e-005
-0.0777126
-1.89628e-005
-0.000159941
4.84666e-005
0.196397
0.000226425
-0.190229
-6.37294e-005
-9.52983e-005
-7.72947e-005
0.10842
-0.000124776
-0.13543
-0.000115323
3.37658e-005
5.35364e-005
-0.0989909
0.000621655
-0.0398043
-0.000262125
-3.52789e-005
-1.15991e-005
-0.153563
0.0119275
0.0227145
-2.08155e-005
-4.82151e-005
-2.53033e-005
-0.106053
-0.000193356
-0.125675
3.85073e-005
0.000102259
7.51417e-005
0.199507
-0.0477598
-0.0718068
9.55312e-005
1.5623e-005
6.861e-005
0.208406
0.00386827
-0.178055
5.61254e-005
6.19294e-005
-9.72527e-005
-0.0371704
0.000519232
0.0861688
1.74506e-005
4.64304e-006
1.27601e-005
-0.139493
4.823e-005
0.167912
-8.97824e-005
-0.000136863
0.000226514
-0.0171394
-0.00234262
-0.0414782
5.16958e-005
0.000111806
0.000219493
-0.0448244
-0.000903487
0.0535838
3.59969e-005
2.6371e-005
5.05591e-005
-0.0918028
-1.7234e-007
-0.13601
5.35061e-005
-2.70194e-005
9.22773e-005
-0.028013
-0.058536
-0.132815
1.0336e-005
-3.53685e-005
-6.64713e-005
-0.0351318
-0.0929982
-0.0573456
1.04167e-005
-0.000117348
-2.63313e-005
-0.162575
-0.000499061
0.0251275
-9.99346e-005
5.95145e-005
-4.50171e-005
-0.0429211
1.19527e-007
-0.154738
-9.10163e-005
-0.000107707
-5.7783e-005
0.120311
0.000174441
0.0351461
-3.0985e-005
5.03605e-005
-1.55293e-005
0.0456694
0.0255062
0.131703
8.34547e-005
-3.33607e-005
-3.47698e-005
0.0110028
0.00136997
0.0650582
-9.39316e-005
6.42836e-005
-8.38258e-005
-0.0848202
-0.0393055
0.0437659
0.000121141
6.11543e-005
-8.02952e-005
0.0550466
0.193731
-0.0220736
-0.000122654
-7.38002e-005
-8.82066e-005
0.282998
0.000459521
0.0714656
5.62057e-005
1.34963e-005
-0.0002555
-0.0497945
0.000377206
-0.0152082
4.29798e-005
8.54807e-005
6.15384e-005
0.0596504
0.000256388
-0.0703337
0.000157479
-0.000141576
-0.000214988
0.0814765
-0.00321853
-0.0349497
6.18733e-005
-8.45209e-005
7.13911e-005
-0.0894928
4.24424e-008
0.049618
-0.00010382
4.18435e-006
-3.37141e-006
-0.0648534
0.000115245
0.0798976
-5.16294e-005
-0.000172802
-4.59767e-005
0.0125411
-0.000745726
-0.034629
-1.32436e-005
-8.03812e-005
-7.52363e-005
-0.00530183
0.000115212
-0.0795144
5.09337e-005
-1.57128e-005
6.28961e-005
-0.0169569
-0.000757398
-0.0267468
7.38145e-005
-0.000104164
-8.92173e-005
-0.173708
-0.000332466
0.0898662
9.30866e-005
3.61178e-005
6.56598e-005
-0.18131
0.00037391
-0.100298
0.000120751
-0.000193459
0.000150868
0.0342393
0.04963
0.0353384
-1.76719e-005
-0.00019301
-7.27378e-005
0.0584731
-0.0010365
0.0762827
-6.54124e-005
-3.63262e-005
-6.27593e-005
-0.0441058
-0.00112867
0.0887843
5.76156e-006
2.78496e-005
1.54277e-005
0.0451821
-0.044264
0.264649
5.39427e-005
-8.07991e-005
0.000105752
-0.0152116
-0.000187306
-0.0464887
0.000169812
-6.19214e-005
1.02654e-005
0.124564
0.0215844
-0.0737682
0.000165172
2.90211e-005
0.00011941
0.156557
-0.0319579
-0.11665
-4.11652e-005
-7.11916e-006
-4.256e-005
0.00567566
-0.12399
0.0719855
1.75127e-005
-0.000132521
-9.24455e-005
-0.0215409
0.0505089
-0.0801886
-2.42831e-005
-7.43863e-006
5.72846e-006
-0.0824637
0.000292044
-0.0117955
-0.000139707
-0.000153108
7.2386e-005
-0.0950353
-0.116052
0.109551
-0.000152135
-4.09119e-005
9.41344e-005
-0.00935245
7.10592e-005
0.0944683
3.94617e-005
1.54554e-005
0.000105431
-0.0896748
-0.000497227
-0.0230075
8.51682e-006
-9.78419e-005
6.00947e-005
-0.149998
6.69277e-005
0.0689335
-0.000101683
-0.000193489
1.77782e-005
-0.00712437
-2.79322e-005
0.0870277
-4.44817e-005
-1.56486e-005
-7.61111e-005
0.0576996
-0.12118
-0.038698
-3.89657e-005
-0.000106861
9.45776e-006
0.153958
0.000187583
-0.149179
5.11697e-006
6.15503e-006
-1.52242e-005
-0.154992
-7.74554e-017
-0.314263
-2.66687e-006
-4.28967e-005
6.83553e-005
0.122152
-0.000338131
-0.092478
-0.000123415
3.50864e-005
-0.000178293
0.242479
-0.0225245
-0.0489252
1.5023e-006
-1.25538e-005
-4.91539e-005
0.0653558
-0.00129196
0.093746
5.89928e-005
-4.46082e-005
-0.000106621
-0.0287502
0.0500517
-0.0076403
-0.000253729
-0.000113276
0.000152936
0.0410067
-0.00864821
-0.00929842
-0.000496613
2.6306e-005
-2.51836e-005
0.0127088
0.000267035
-0.137725
2.2023e-005
3.77191e-005
0.000123307
-0.011287
-9.01402e-005
-0.0442601
-5.51396e-005
-0.000117469
-0.000262097
-0.0539744
0.000266115
0.00990408
-6.81889e-006
-1.29736e-005
2.39195e-005
-0.083741
0.00175367
-0.0512772
-7.22725e-005
0.000228271
-0.000209012
-0.02058
0.000274588
0.082618
-0.000199722
-6.33594e-005
3.25185e-005
0.103524
7.37177e-005
-0.127294
-0.000191587
9.46006e-006
-8.57854e-005
-0.0963803
-0.0932902
0.0700637
0.000194226
0.000164172
-3.53395e-005
-0.110576
0.152765
0.335072
-2.37702e-006
6.37674e-005
-5.03072e-005
0.00459775
-0.0109533
-0.00901838
1.57618e-005
3.50059e-005
-6.99638e-005
-0.00675017
0.000568905
-0.0118696
0.000329911
0.000114831
-9.36159e-006
0.0117976
-0.0229147
0.159597
1.5248e-005
-9.59396e-007
1.43594e-005
0.0320952
-4.52634e-010
-0.0085542
1.40313e-005
-0.000112596
2.21439e-005
-0.199224
9.01502e-005
0.163122
3.52179e-005
0.000242977
4.50779e-005
0.0248165
-0.00510417
-0.0138061
-0.000226339
0.000173216
7.26514e-005
0.0558723
1.53432e-005
0.101125
-9.84133e-005
-4.8449e-005
0.000123592
0.025763
-0.00358163
-0.220975
0.000100356
3.79296e-005
-5.08932e-005
-0.00133864
-0.0201001
0.0278777
6.42865e-006
-8.73624e-005
0.000234017
0.128941
0.000562685
0.00402557
0.000135758
7.56873e-005
-0.000140354
0.0225006
-0.000737831
0.0514228
-5.15254e-005
-7.94749e-007
-6.17838e-005
0.100529
-0.000919975
-0.00875557
0.000157519
0.000195238
0.000229875
0.0119428
0.000253595
-0.00799702
-0.000226721
-6.25272e-005
-5.52515e-005
0.11254
0.000161804
0.0882046
4.75146e-006
-1.14821e-005
-0.000127958
0.051211
0.000194069
-0.249092
1.15894e-005
2.74325e-005
6.0148e-005
0.107149
-0.355785
-0.190301
-1.27968e-005
0.000114903
-0.000313628
0.197919
-0.000607232
0.0390107
-6.951e-005
-0.000103137
2.52691e-005
0.0967692
0.000520817
0.00169735
-3.8004e-005
-3.35087e-005
2.08414e-005
-0.09216
-9.60326e-005
-0.0473939
0.000307207
0.000370119
0.00020143
-0.0452756
0.107885
-0.199028
-5.0951e-005
2.43917e-005
0.000146489
0.0640956
0.000222572
0.125459
-0.000119798
-1.92269e-005
-0.000221709
0.26897
-0.081319
0.0275947
-2.49733e-005
8.63062e-006
2.16998e-005
0.100434
-0.142482
0.114166
0.000257589
9.02158e-005
-0.000160775
-0.150957
-0.00177076
0.0127045
3.09441e-005
7.43047e-005
5.92626e-005
0.0198278
0.000165379
-0.0230728
-2.71015e-005
6.9577e-005
8.90098e-005
-0.0343218
-0.00733967
-0.0909419
-4.90438e-006
1.81844e-005
0.00015335
0.07205
0.000590213
-0.0777896
8.98762e-005
4.8496e-005
-0.000176058
-0.0489732
-0.000925216
0.0459533
9.72906e-005
2.43575e-005
2.32945e-005
0.0347016
0.00013266
0.134966
-4.69684e-005
3.04013e-005
-5.43429e-005
-0.00143705
-0.0411418
0.0313269
4.94232e-005
-0.000121247
0.000216382
-0.0509327
0.000115295
-0.0117812
-5.12031e-006
-7.29846e-005
5.79705e-005
0.220958
0.000716017
0.016287
-7.73356e-005
-0.000280197
2.01194e-005
0.142503
-0.0243754
-0.0790049
1.92415e-005
-7.11012e-005
-0.000203941
0.0428802
0.000442407
0.0860052
7.36756e-005
1.11355e-005
-4.22767e-005
-0.0233074
8.12979e-005
-0.025456
1.0421e-005
-8.62616e-005
0.000114115
0.0150465
-0.13508
0.0416424
3.55095e-005
0.00016542
-0.00012908
0.0183438
0.0207149
-0.0346584
-0.00021525
0.000134323
0.000138077
0.0363889
-0.0232731
0.0433589
0.000232021
-0.000263802
-5.97993e-005
0.0877704
0.000145173
0.00288165
-3.45418e-005
-6.08034e-005
-4.7849e-005
-0.0119988
-0.000546955
0.259865
-3.79546e-005
3.97147e-005
1.29139e-006
0.0276794
-0.000923932
-0.0779285
8.26359e-005
7.61358e-005
1.96248e-005
0.0362768
-0.00193826
0.0354971
2.56065e-005
4.9451e-005
-3.78243e-005
-0.0449634
8.90533e-005
0.0579506
-0.000188258
0.000164923
-5.24835e-005
-0.0948096
0.0012945
-0.105524
7.39887e-005
0.00011814
0.000220642
0.0348596
-0.0494946
-0.0109773
-0.000195846
-5.46386e-005
3.76104e-005
-0.0604933
0.0282659
-0.0710113
7.65068e-006
-4.27886e-005
2.33695e-005
-0.00754348
0.000153612
0.0582549
-7.90729e-005
-5.35277e-005
0.000116611
0.0576176
0.000466137
-0.0778046
5.76467e-005
-4.64197e-005
-0.000295375
0.0657866
0.000794378
0.065178
-3.22585e-006
8.91391e-005
-1.2897e-005
-0.0396575
-0.0387612
0.0965698
-4.94084e-005
-1.76161e-005
-0.000153927
-0.078497
0.000251006
0.0183805
0.000187012
0.000148814
-0.000203746
-0.148145
-0.00146567
0.0269916
-5.32658e-005
-0.000251137
0.000130012
0.094362
-0.000974615
0.0764208
-0.000180678
-9.58785e-005
2.56974e-005
0.0250185
-0.00859522
9.40732e-005
0.000205904
-2.93646e-005
-1.97712e-005
0.0327752
-0.000789084
0.0365097
0.000152746
0.000101937
-5.22232e-005
0.00874947
-0.0350375
0.115011
0.000230485
-1.82624e-005
4.50279e-005
0.155812
-0.000104867
-0.0493797
-2.34621e-005
-1.76629e-005
-2.04066e-005
-0.0270811
-0.00446863
0.108238
-0.000221867
-0.000223932
5.84893e-005
-0.0662006
7.36174e-005
0.131761
-1.6522e-005
-0.000210187
-9.63336e-005
0.0106861
-0.000117067
0.050981
0.000110646
-0.000130819
-9.05629e-005
0.0139829
0.00204249
-0.013764
-0.000225498
4.20356e-005
3.21432e-006
-0.0211369
-0.0329663
0.0846208
-9.50018e-005
-7.64619e-005
-4.617e-005
-0.114165
-0.000229385
-0.0586221
8.38057e-006
9.1919e-006
6.4024e-005
-0.077322
0.000655148
0.0769129
-3.1336e-005
-2.55643e-005
2.44346e-005
0.007452
0.0169197
-0.0638913
3.44442e-005
3.56084e-005
-0.000255284
0.0269549
0.0150841
0.0828319
2.7121e-005
3.96435e-005
-3.45778e-005
0.181153
-0.000389408
0.000371728
-0.000115808
-0.000267362
-0.000141981
-0.160681
-0.22206
0.402624
8.20745e-006
-0.000153101
4.27624e-005
-0.0575545
0.000160699
0.201177
-2.24449e-005
2.39705e-005
-6.45826e-005
0.0190253
0.00042113
0.126322
-0.000137421
7.11551e-005
-6.95999e-005
-0.0157173
-0.000689458
-0.0428009
-1.54818e-005
-2.42253e-005
-2.53769e-005
-0.0954497
-0.107116
0.103507
-2.2419e-005
-0.000126652
-0.000171333
-0.0113006
0.0357048
0.0968358
-6.81632e-005
0.000130872
2.87445e-005
0.0155049
-0.00192716
-0.0494732
-2.37171e-005
0.000123996
8.92191e-005
0.0747468
0.000378702
0.084468
-0.000120112
7.60652e-005
3.18028e-005
0.325019
-6.67224e-017
0.094932
-7.23146e-005
0.000135454
-2.85654e-005
-0.0289713
0.0224496
-0.010356
1.17242e-005
0.000237642
-0.000149319
-0.00241416
1.45072e-007
0.14659
-8.03772e-005
5.43862e-005
-2.57093e-005
0.0216422
0.000296294
0.0427819
-0.000215151
-2.68198e-005
6.15151e-005
-0.10002
0.0357663
-0.0684108
7.76369e-005
3.36471e-005
7.39305e-005
-0.128311
-0.0200823
-0.0029089
-1.70438e-005
-3.30561e-005
2.35788e-005
0.00498444
-0.00690932
-0.0367917
-1.67945e-005
-1.80362e-005
-7.92888e-005
-0.0413421
-0.216428
-0.0158442
0.000197317
8.5535e-006
-2.58518e-006
0.128307
0.0338327
-0.205565
-0.000189029
0.000126526
0.000415263
-0.00810564
0.0515404
0.04133
2.37517e-005
-3.66113e-005
-7.79481e-006
-0.0137281
-0.0733994
-0.0220496
0.000207938
-2.74403e-005
-0.000344702
0.177215
0.024349
0.0123074
2.35301e-005
-4.6128e-005
-0.000310601
-0.0884388
-0.00782932
-0.166065
-0.000218667
2.57293e-006
4.5235e-006
-0.0100306
-0.00639949
0.0180277
-4.2457e-005
-1.11456e-005
-2.50214e-005
0.105972
-0.0177392
0.00618725
-4.41347e-005
-9.60604e-005
4.37344e-005
-0.0976674
-0.0727686
0.129761
3.10771e-005
-6.50749e-005
0.000212363
0.109103
0.169445
-0.167589
5.37588e-005
0.000108791
1.97919e-005
0.321792
-0.457581
-0.213681
-9.83826e-005
-3.11864e-005
-0.000101783
0.027854
-0.133108
-0.00892552
3.88459e-005
-4.85139e-007
-1.70866e-006
-0.0488982
-0.0758406
0.225771
0.00020216
7.2156e-005
3.22121e-005
-0.100319
-0.130841
0.0018803
-4.48774e-005
1.18775e-005
-3.38787e-006
0.000266765
-0.667685
0.60322
2.66783e-005
-2.83808e-005
0.000154191
-0.091709
-0.0465079
-0.0328571
8.26729e-005
0.000134613
-2.33694e-005
0.0424247
-0.121258
0.026341
-8.14535e-005
5.29133e-005
-1.8745e-005
-0.0457335
0.264146
-0.209826
-6.66682e-005
0.000109098
4.7396e-005
0.0925181
0.0144743
-0.167495
0.000153793
5.59016e-005
-0.000225685
-0.0131269
0.0435738
-0.0319641
2.26498e-005
-4.03873e-005
3.8339e-005
0.192487
-0.344622
0.484172
3.94143e-005
6.48312e-006
2.00127e-006
-0.438212
-0.102406
0.203263
-9.99781e-005
-5.54869e-005
0.000117879
0.0454813
0.0178939
-0.0260288
-8.16395e-007
9.13842e-005
6.38143e-005
0.0613222
0.00434956
0.0120525
-3.37884e-005
0.00019972
5.96464e-005
-0.178175
-0.0894279
-0.0576954
5.71928e-005
0.000170129
-1.37928e-005
0.0690968
0.0710034
0.371337
2.52981e-005
-1.42108e-005
-8.13304e-007
-0.172099
0.0444652
-0.00952355
-0.000149999
0.000115889
7.20699e-006
-0.0231593
0.0380713
-0.114721
-2.12967e-005
-0.00021603
4.70242e-005
-0.0174214
-0.308842
0.0354671
0.000140315
2.43364e-005
-1.36999e-005
-0.0614576
0.000174082
-0.0326033
-4.65281e-005
-3.01424e-005
-2.19415e-005
0.0923002
-0.0193757
-0.111993
-3.71899e-005
-8.75393e-005
-0.000140685
-0.341701
-0.393905
-0.0632279
2.17279e-005
0.000100305
-5.97053e-006
-0.12341
-0.109796
0.109754
0.000303741
-8.69517e-005
-2.49288e-005
0.569674
-0.119794
-0.13687
0.000179777
-0.000107962
-2.90158e-005
0.00255258
-0.0309515
0.0305176
5.32877e-008
9.07329e-006
2.03337e-005
0.25084
-0.27881
0.0905371
1.33343e-006
-1.60262e-005
4.76379e-005
0.661938
-0.745513
-0.0376014
-8.57671e-006
4.96287e-005
-6.82253e-005
0.215581
0.173888
0.138048
-9.023e-006
7.6762e-006
-4.8355e-006
0.00465028
-0.0908538
0.0372615
4.7285e-005
2.48508e-005
0.000362475
-0.0666554
0.110106
0.434711
-6.15487e-005
5.43761e-005
-1.89087e-005
-0.312511
-0.403465
0.404363
2.00979e-005
-7.83069e-005
5.12971e-005
-0.0538724
0.0136768
-0.0548281
-3.37762e-005
5.27725e-007
-0.000166613
-0.344989
0.0469407
0.083685
0.000121721
0.000148705
0.000114956
0.183272
0.021952
0.041992
-6.71934e-006
2.04581e-005
-0.000149553
0.179742
-0.0842116
-0.0202429
0.000138264
-7.08411e-006
6.00408e-006
0.350679
-0.563916
0.228135
-1.46915e-006
-3.90525e-007
-6.50439e-005
-0.122738
-0.232607
-0.181129
-9.23716e-005
7.67388e-005
6.37648e-005
0.0417604
-0.00914034
0.0911949
-3.23975e-005
-2.09242e-005
6.76868e-005
0.0502498
0.00014777
0.0337797
-0.000176542
-4.60274e-005
-0.000236435
0.0436282
-0.0860694
-0.125849
0.000284475
-0.000208923
-0.000187121
0.072413
0.0392642
0.0202591
4.46241e-006
3.0721e-005
2.7446e-005
-0.00427866
0.0343171
0.11116
0.000141338
8.09834e-006
-7.61878e-005
0.0016087
-0.0872858
-0.13312
-1.36789e-005
-3.51829e-005
-0.000129105
-0.117729
-0.0361371
-0.0990721
2.30764e-007
-3.44818e-005
-3.03478e-005
0.168956
0.0530188
-0.260899
7.76743e-007
-6.19106e-005
9.50571e-005
0.147057
-0.0547762
0.0746839
-0.000242681
5.28549e-005
-6.40817e-005
-0.268891
-0.144124
-0.274082
-2.11278e-005
1.30726e-005
-1.76711e-005
0.0119418
-0.00591971
0.00377138
9.80863e-006
-1.92162e-006
-1.42324e-005
0.0253827
-0.000116771
-0.17097
-1.02824e-005
-4.03258e-005
0.000281263
-0.00226684
-0.0151917
-0.0186977
-0.000131695
0.000115506
7.58246e-005
-0.0848917
0.0394693
0.104608
6.19481e-005
-1.25825e-005
0.000165139
-0.0562679
0.0456331
0.0128361
8.91349e-005
3.8499e-005
0.000176902
0.0757639
-0.176916
0.221844
3.60087e-005
4.09198e-005
0.000101405
-0.12012
-0.197951
0.247522
1.93275e-005
-0.000248731
0.000291457
0.42071
-0.108164
0.198672
-4.56793e-005
-9.27956e-005
-8.64803e-005
0.205451
-0.016568
-0.271174
-3.36257e-005
-3.98885e-005
0.000124441
0.0359136
-0.0169381
0.0865373
1.41228e-005
-1.78538e-005
0.000272599
-0.000570251
-0.164042
-0.0264368
5.63972e-006
-5.46507e-005
5.91505e-005
-0.0182035
0.0296072
0.0678979
-5.85612e-006
-1.25489e-005
-8.74489e-005
-0.23035
0.0832825
0.0734384
-1.08102e-005
-6.31904e-005
7.81148e-005
0.0965421
-0.0999608
-0.300836
0.000355185
0.000221642
6.44568e-006
-0.0113008
0.137041
0.0522777
-9.60121e-005
5.96093e-005
5.67251e-005
0.157461
-0.250835
-0.0405901
-1.38838e-005
-0.00011244
-2.59668e-005
-0.0366958
-0.198857
-0.115036
1.094e-005
2.47284e-005
1.67501e-005
0.0422992
-0.00118113
0.0303031
0.00018458
6.80024e-005
0.00017163
-0.0533345
0.110859
-0.276869
0.000100133
-1.84314e-005
0.000123288
0.0455532
-0.0549016
0.502933
0.000137461
-4.18759e-005
5.1649e-006
-0.0236944
0.0141502
-0.262462
7.67055e-005
1.4749e-006
-0.000130354
0.0302869
-0.0283777
-0.0583169
3.90985e-005
-1.2484e-005
-5.80647e-006
-0.00949473
0.0321646
-0.0580701
5.66626e-005
-8.6226e-005
0.000323363
-0.0445698
0.0493549
0.190379
3.77179e-005
6.60923e-005
-1.11286e-005
0.308534
-0.0748734
0.159386
2.83415e-005
-1.4139e-005
0.000102014
0.0576939
0.0550879
-0.0371246
0.000100535
1.84972e-005
9.49462e-005
-0.169388
-0.155154
-0.208893
-3.29618e-005
-1.23656e-005
-4.195e-005
0.0171961
-0.0037475
0.096994
0.000497784
-7.43119e-005
2.79476e-005
0.344718
-0.196182
-0.122399
-3.98659e-006
-0.000117814
-5.25927e-005
0.133126
-0.0852609
-0.00594247
-2.88396e-005
7.02904e-006
-3.9299e-008
0.0358103
-0.207621
-0.0843278
-4.3058e-005
-7.95083e-005
-9.17243e-005
-0.214383
-0.220966
-0.0664505
0.000172793
1.86883e-005
8.94487e-005
0.230665
-0.0530883
0.0489633
-5.93508e-005
4.50864e-005
4.73451e-005
-0.0703309
-0.187316
0.0472597
9.91478e-005
-0.000106309
-3.58456e-005
0.00342267
0.00537797
0.0023437
1.0828e-005
-0.000212736
-3.71948e-005
-0.335688
-0.142888
0.281124
-9.53614e-005
1.25653e-005
-1.55536e-005
0.082624
0.0190166
-0.00810861
-3.91938e-005
-4.90101e-005
0.000185792
-0.126129
-0.426059
-0.404514
4.21165e-007
-2.49451e-005
7.71854e-005
-0.176765
-0.181577
0.14314
3.21188e-005
6.14493e-005
-0.000159611
-0.238634
-0.0281753
-0.0156124
0.000114135
-0.000141538
-7.30849e-006
0.0815229
0.0363431
0.0677355
1.92321e-006
-7.68549e-005
-1.97222e-005
0.0177961
0.0708458
0.0495335
-3.21362e-005
1.00574e-005
5.30951e-005
0.0759356
0.0507803
0.0301411
-0.000298219
-6.211e-005
2.07351e-005
0.347731
0.0931651
-0.0326759
-4.75907e-005
-1.92259e-005
2.09123e-005
-0.101808
0.000646113
-0.0335336
-6.70098e-005
-0.000217164
-0.000241186
0.0553263
-0.0317737
0.0547292
-3.95059e-005
8.28214e-005
4.00516e-005
-0.112321
-0.0341163
0.215466
-3.65415e-006
3.68533e-006
1.04114e-005
0.0428678
0.00520386
-0.0185336
5.3649e-005
6.32583e-005
-0.000124327
0.469482
-0.014036
0.152317
6.81126e-005
-1.88306e-005
-1.92161e-005
0.0591639
0.00823417
-0.112177
5.93441e-005
-2.24275e-005
4.62912e-005
0.201477
0.00348142
-0.0683434
-2.31361e-005
-2.90311e-005
7.49776e-005
0.0864176
-0.234073
0.0193039
-8.02818e-005
6.19604e-005
4.62021e-006
0.0258738
-0.187276
-0.0480562
-0.000291489
-7.30553e-006
-5.14803e-006
0.150426
-0.206823
-0.197185
6.89624e-006
1.24029e-005
4.65932e-005
-0.0670103
0.0609964
-0.0492002
0.000436494
0.000126647
-8.56012e-005
0.0289698
-0.015326
0.00757527
-7.29505e-005
-7.07539e-007
2.36127e-005
-0.00786441
0.056004
-0.0177608
2.90215e-006
1.86902e-005
3.95314e-005
-0.0726443
-0.0305764
0.0671621
-5.92648e-005
1.99108e-005
2.92574e-005
-0.0319459
-0.120183
0.0094652
-0.000203909
-6.57049e-005
-6.18438e-005
0.0261519
-0.0052
-0.0130509
0.000100261
3.12112e-005
1.56376e-005
0.256435
-0.0297905
-0.123213
1.49475e-005
1.32648e-005
0.000135066
0.156455
0.128664
0.00711497
-0.000138364
9.56368e-006
9.34021e-005
0.0980359
0.0597643
0.101225
1.22851e-006
3.2226e-006
0.000164189
-0.176961
-0.172609
0.194474
-7.32815e-005
-7.41589e-005
0.000124488
-0.177392
-0.00444939
-0.0544449
-0.000128721
2.72231e-005
-3.20053e-005
-0.0444219
-0.0688632
0.00105478
-8.53484e-007
0.000115285
-3.18636e-005
-0.107471
0.0317651
0.121627
3.74018e-005
-4.95467e-005
2.38814e-005
0.0784301
0.0147372
-0.125842
-5.74883e-005
0.000163847
9.96465e-007
-0.0998628
-0.0556748
-0.106014
-1.2544e-005
2.82429e-005
-6.20494e-005
0.0195877
0.0625585
0.0177924
-2.17249e-005
-3.41166e-005
0.000307126
0.0825158
0.0472134
0.0328317
0.00011696
8.98027e-007
2.34105e-005
0.0507403
-0.110229
0.234269
-3.11045e-005
6.19163e-005
-7.82072e-005
0.0372996
-0.0251524
0.00259003
-0.000137018
-6.55155e-005
-0.000417205
0.179456
-0.290615
0.0957102
-7.39117e-006
-1.0833e-005
0.000167635
0.0745463
-0.123884
-0.0108935
4.19187e-005
-1.0158e-005
4.76248e-005
-0.0185764
-0.040228
-0.0288118
-7.19475e-005
1.95785e-005
4.70736e-006
0.247706
0.0783656
-0.0858395
-1.69221e-005
-2.24523e-005
-1.56304e-005
0.313676
-0.154886
0.159519
1.07395e-006
-4.5204e-005
-1.9335e-005
-0.379008
-0.226512
-0.434336
-0.000123945
0.00011038
-2.67173e-007
0.00935642
-0.0426254
-0.0279358
8.23224e-006
5.78962e-005
-1.49516e-005
0.0089392
0.0718287
0.00816674
1.43916e-005
-8.62021e-005
1.54643e-006
0.454197
-0.249027
0.053338
4.62468e-005
4.81929e-005
0.000130291
0.00608235
0.00221387
-0.0914767
-2.04208e-005
7.62886e-005
1.19964e-005
-0.0932054
0.0999484
-0.0149808
-1.67126e-005
-1.65295e-005
0.000272266
0.166403
-0.00682393
0.018897
-4.82446e-005
-6.80484e-005
7.89777e-005
0.0398823
-0.0660391
-0.348628
6.97178e-005
-1.2654e-005
8.22843e-005
-0.0304723
0.085695
0.0238525
-4.48492e-005
-0.000115239
-1.65627e-005
0.292665
0.0817958
0.0386061
2.61055e-005
-4.65958e-005
-2.46772e-005
-0.0100092
-0.0555395
-0.161276
6.96276e-006
2.58529e-005
0.000101355
-0.245763
-0.138689
-0.508481
-6.44721e-005
-5.88749e-005
1.11599e-005
0.147705
-0.0721392
0.354959
3.8115e-005
8.95189e-005
7.69938e-005
0.0564677
-0.0788636
0.32251
0.000174105
0.000142382
5.87391e-005
-0.0366817
-0.0279017
0.0969447
0.000102192
3.95803e-005
-7.09655e-005
-0.0433318
-0.00467416
-0.143534
5.60941e-005
5.3751e-005
6.99231e-005
0.574883
-0.496128
-0.055004
-1.46114e-005
1.65612e-005
-3.46629e-005
-0.0646191
-0.00981942
0.00054432
-1.65972e-005
-1.08305e-005
-6.92803e-006
0.0926522
0.0722711
0.132948
-1.88142e-005
5.63617e-005
-2.06819e-005
-0.200956
-0.0773805
-0.211488
-4.19833e-005
-0.000101368
6.41339e-005
-0.569534
-0.375882
0.973779
-4.14903e-005
8.18858e-006
2.47607e-005
-0.0744296
0.0153976
-0.104022
0.000104821
0.000162637
7.19342e-005
0.0380014
0.0386171
-0.00764761
2.37034e-005
5.94052e-005
4.32142e-005
0.0772359
-0.0479084
0.0329824
0.000225355
-6.97118e-005
-0.000202141
-0.019469
-0.0426243
0.066003
6.23387e-005
-0.000110209
5.99613e-005
0.0855739
-0.0639495
0.00338923
-4.74861e-005
8.95597e-005
1.12119e-005
0.0150013
-0.0659478
-0.0103983
-7.87273e-005
0.000104382
-0.000126568
-0.0759539
-0.0401437
-0.0839104
1.41596e-005
-2.56601e-006
7.2262e-005
0.0946336
-0.139452
-0.0166116
6.85184e-006
1.60994e-006
-2.58805e-005
0.227117
-0.10552
-0.0190078
6.97444e-005
9.03376e-006
-4.40356e-005
-0.0952018
-0.00591527
-0.0913916
7.18469e-005
-0.00028766
-0.000151568
-0.126367
0.0368553
0.410545
-1.10863e-006
-1.85852e-005
2.68904e-005
-0.0674203
0.0103636
0.0568979
0.000144473
4.96714e-005
-4.50638e-005
0.342623
-0.279933
0.379066
4.6757e-005
3.3222e-005
-5.78896e-006
0.00149469
0.106924
-0.0527088
-0.000276762
0.000165035
-2.34039e-005
0.042402
-0.172968
-0.24806
-7.35812e-005
-5.63632e-005
3.70715e-005
-0.0863592
-0.0237904
-0.280298
-2.29661e-005
-2.95739e-005
-1.48321e-005
0.107976
-0.0357744
0.00600205
-5.86261e-005
-4.38174e-005
7.07874e-005
-0.0111233
-0.0577087
0.0380889
-3.88209e-005
-1.71374e-005
-0.000147413
0.0108458
-0.270663
-0.0403995
-3.63331e-005
6.24524e-005
-0.000203613
-0.0902368
-0.0710717
0.0310156
0.000350967
4.94666e-005
-1.7865e-005
0.116765
-0.0017553
-0.0145657
6.99577e-005
5.62248e-005
0.000108475
-0.00505907
0.0273041
0.0657988
4.28971e-005
-4.96292e-005
-0.000126022
0.303782
-0.744096
0.266538
-0.00019651
-4.23957e-006
-2.10704e-005
-0.164849
-0.254981
0.0452151
1.71965e-005
-6.87283e-006
2.37935e-005
0.159357
-0.0765839
0.0269589
-0.000100181
0.000122133
6.38264e-005
-0.311371
-0.181839
0.0933351
3.16551e-005
-8.76481e-005
-0.000242202
-0.00105742
0.0733373
0.171771
-5.50528e-005
2.28981e-005
-4.91658e-005
0.0297085
-0.0298199
-0.0320774
-6.2377e-005
0.000165658
0.000254176
0.183557
0.0230359
-0.0296434
-0.000143466
4.16554e-005
-0.000174157
-0.158861
-0.176628
-0.0996168
3.0392e-005
-2.93499e-005
-8.00668e-005
-0.208127
-0.11024
0.113994
-0.000249868
0.000131097
-0.000196381
-0.425429
-0.197871
-0.260368
-4.34983e-005
-1.50539e-005
-5.74734e-005
-0.27581
-0.0861015
-0.0230459
6.32702e-005
-0.00023658
1.20394e-005
0.0035021
-0.0579326
0.0507872
-2.61394e-007
-2.91461e-005
7.46066e-006
-0.270018
-0.173803
0.158247
0.000105989
0.000112116
5.36439e-005
-0.041753
-0.0116855
-0.12294
-1.02852e-005
5.73711e-005
7.2908e-005
-0.0497794
-0.256371
0.0865433
-7.308e-006
0.000145544
-0.000105077
-0.0136132
-0.0011701
0.0987112
-0.000244484
-0.000150008
2.14722e-005
0.857674
-0.461405
0.187332
-1.23799e-005
1.27666e-005
3.83344e-005
-0.00018739
-0.032888
0.0345708
-2.93436e-005
1.81764e-005
-3.49503e-005
0.249893
-0.0300844
0.117405
1.63959e-005
1.76857e-005
2.7005e-005
-0.0638192
-3.83027e-005
-0.0286905
-0.000187494
-9.55773e-005
6.51145e-005
-0.18509
-0.139285
-0.163117
2.45842e-006
6.07253e-005
9.71917e-005
0.886144
-0.493735
-0.713623
9.19945e-005
-0.000108602
-0.000205223
-0.116656
0.0566253
0.185783
-5.86548e-005
-4.88268e-006
3.55255e-005
-0.221872
-0.156132
-0.107075
1.80015e-005
3.79977e-005
-6.8169e-005
-0.00486748
0.00278158
0.138244
-2.06297e-005
9.9492e-005
4.97729e-006
-0.157874
-0.00464406
0.0734936
-0.000152965
-3.39747e-006
-9.24388e-006
-0.125921
-0.118617
0.0389132
0.000107324
-3.95232e-005
-6.83816e-005
-0.11631
-0.0470399
-0.150118
2.02502e-005
-8.33743e-005
0.000100048
-0.0898311
0.000309236
-0.00196894
3.36898e-005
-9.15849e-005
2.59588e-005
-0.697386
-0.401914
-0.0958017
6.28117e-005
8.94681e-006
-2.05797e-005
0.0557504
-0.0482134
-0.0593364
-0.000144671
-2.27191e-005
-7.40328e-005
0.0857462
-0.0117523
-0.0859081
-4.80394e-005
-3.94678e-006
6.91051e-005
-0.0693791
-0.108206
0.204208
-0.000208689
1.51212e-005
-5.71025e-005
0.741519
-0.227919
-0.010188
4.3171e-005
2.37637e-005
-2.77838e-005
-0.259696
0.0559655
-0.495983
-4.77804e-005
5.81889e-006
4.0163e-005
-0.133108
0.0838947
-0.13947
-3.83711e-005
2.34398e-005
-0.000125001
-0.00381103
-0.00835207
-0.0256725
7.27039e-005
5.40102e-005
9.01093e-005
-0.0173089
0.0960185
0.0374255
-7.49974e-005
-8.23334e-006
3.4252e-005
0.0503912
-0.05599
-0.00234879
-3.79057e-005
-9.45659e-005
-3.44766e-005
0.145725
-0.131812
-0.179068
6.37724e-005
2.48304e-005
7.60416e-006
0.0745853
0.0118724
-0.0772972
0.000141829
4.30147e-005
1.06991e-005
0.573394
-0.343423
0.872679
2.25334e-005
2.03811e-005
5.40382e-005
-0.878911
-0.396123
-0.140442
5.25887e-005
-3.28947e-006
-0.000112525
0.346196
0.126403
-0.124885
-1.05487e-005
4.51927e-005
-4.73306e-006
-0.00743739
-0.00614434
0.0631191
-2.18607e-005
6.70916e-006
-2.02949e-005
0.235213
-0.150577
-0.100043
4.39768e-006
2.50465e-005
-7.67401e-005
-0.0139605
0.0302547
0.104409
-4.69729e-005
2.95989e-006
5.74106e-006
-0.156986
-0.155788
0.0690144
-3.29653e-005
4.74326e-005
-4.4901e-005
0.492141
-0.299686
0.229908
-5.74694e-005
-3.48344e-005
-0.000118959
0.0176203
0.0363273
0.0198371
0.000198344
-0.000132044
0.000195314
0.266332
-0.438157
-0.12948
7.98355e-005
1.99136e-005
9.3016e-006
0.21059
0.0964006
-0.190511
8.89894e-005
-3.59384e-005
4.19336e-005
0.110522
0.00174184
-0.0749665
2.0002e-005
1.19935e-005
-7.48183e-006
-0.123622
-0.00571211
0.101187
6.12064e-005
-1.42604e-005
2.32452e-005
-0.0952677
0.095781
0.20368
1.16739e-005
8.72225e-005
-6.59204e-005
0.106511
0.0147106
0.0541314
0.000100572
4.51674e-005
0.000309869
0.17027
0.074881
0.192656
7.05803e-005
-7.82111e-005
-0.000113716
0.162097
-0.275751
-0.217005
-9.28033e-005
1.46487e-005
2.29081e-005
-0.065604
-0.0933714
-0.109991
-6.4371e-005
-2.6153e-005
0.000142489
-0.00694477
-0.109397
0.0529365
-6.31293e-005
-0.000142383
-2.8898e-005
-0.0284095
-0.153851
-0.0358806
7.07046e-005
-0.000107712
3.61314e-005
0.083845
0.0523954
-0.0665703
-9.66049e-005
-4.52496e-006
-9.24826e-006
-0.0573117
0.0930169
0.180478
6.53411e-005
3.26011e-005
-8.17548e-006
-0.0207538
-0.0926289
-0.0656274
-5.24533e-005
0.000183719
0.000161691
-0.02854
-0.354834
-0.0555793
-4.36168e-005
-6.1844e-005
4.66464e-005
-0.0296752
0.0143477
0.00545967
-5.1532e-005
2.29631e-005
-2.98423e-005
0.0448834
-0.0374526
0.123269
2.38145e-006
2.99231e-005
-7.91705e-005
1.24852
-0.580862
-0.267911
-7.96722e-006
-3.14209e-006
-0.000135694
-0.0103327
-0.689389
-0.183273
-4.5591e-005
3.30749e-005
-3.33657e-006
-0.0812089
-0.0174469
-0.0320248
-3.16818e-005
-4.37987e-005
-1.87294e-005
-0.255056
-0.125611
0.0696137
9.10769e-005
0.000121362
-3.54146e-006
0.243071
-0.0465702
0.0331093
-1.9476e-005
0.00012368
-6.61604e-005
0.268957
-0.199925
0.181048
3.98622e-005
0.000135388
2.05194e-005
0.0510318
-0.14172
0.14483
7.19411e-005
-8.67046e-005
-0.000107696
-0.0356013
0.0687536
-0.121446
3.47068e-005
-1.96107e-005
-0.000168498
-0.0280773
0.00311511
0.176687
-0.000146017
0.000168518
8.7339e-005
-0.0904301
0.0251356
0.0586924
-3.7977e-005
-4.08817e-005
-0.000137833
-0.185019
-0.111026
-0.0901475
-0.000271207
0.000248495
0.00022994
0.0176715
-2.94425e-005
0.0382245
-4.41254e-005
8.7078e-005
2.49753e-006
-0.0134995
0.153219
0.128157
5.72671e-005
-0.000178764
-0.000220842
-0.508792
-0.984528
-0.679408
-2.96962e-005
-4.86989e-005
0.000178379
-0.0582212
-0.0496969
-0.229034
3.56859e-005
-1.68225e-005
7.9494e-006
-0.0343911
-0.108251
-0.157877
6.37205e-005
0.000125947
1.75031e-005
-0.12412
-0.0852063
-0.127707
-0.00026428
-0.000100626
4.16294e-005
0.0242819
0.000122886
0.0606549
-1.87265e-005
0.000117071
-6.20499e-005
0.319015
0.00273354
-0.185123
3.63933e-005
-0.000105466
-8.94117e-005
-0.0697122
0.00175763
-0.0779554
-0.000168566
8.34789e-005
-0.00015973
0.188711
-0.448654
-0.234933
-1.836e-006
-4.53661e-005
1.59893e-005
0.0680124
0.0318439
0.0136656
8.35885e-005
1.73917e-005
6.65054e-005
-0.431586
-0.356088
-1.85255
5.786e-005
8.56039e-005
3.57948e-005
0.0413228
-0.137037
0.0985487
6.44906e-005
2.57133e-005
-1.90364e-005
0.0871683
0.0418054
-0.36276
0.000111779
3.67815e-005
-0.000133256
-0.163229
-0.0551778
0.0698917
-6.44598e-006
0.000142921
1.6002e-005
-0.0367414
-0.0287607
-0.0549584
9.58795e-005
-1.01596e-005
-3.52415e-005
0.0137544
-0.000108946
-0.00310486
7.60293e-005
4.61322e-005
0.000172244
-0.132133
0.0237447
-0.10616
-2.60958e-005
6.6371e-007
-8.05399e-006
0.579759
-0.0553839
-0.185795
0.00021443
-6.2298e-005
0.000346752
0.0677604
0.156872
0.103165
5.34358e-005
0.00013579
5.0553e-005
-0.14389
-0.262801
-0.0759754
6.26238e-006
2.31577e-005
-0.000276483
0.227545
0.0688062
-0.00618135
-2.82604e-006
4.04773e-006
-5.8768e-005
-0.0682799
-0.0252758
-0.185277
-1.14761e-005
7.3512e-005
-2.61959e-005
-0.244978
-0.110296
-0.267819
0.000173792
-3.71619e-006
1.41841e-005
-0.0507866
0.0173693
0.065129
-3.05394e-005
6.21168e-005
-3.06878e-005
0.182971
0.005216
0.0904853
-1.28652e-005
-4.24721e-005
-8.05435e-005
-0.0872947
0.0871271
0.139977
-0.000190815
-7.14214e-005
6.6016e-005
-0.100063
-0.00517088
-0.0500015
-3.33981e-005
5.21102e-005
-5.05513e-005
-0.192858
-0.0935174
0.0107676
3.33581e-005
-0.000100227
0.000106801
0.0328931
0.138589
-0.178691
-7.78955e-006
8.71825e-006
5.40953e-006
-0.0774534
0.0726937
0.00569936
6.34938e-005
-5.04276e-005
-7.18378e-005
-0.110149
-0.00889102
-0.0955494
9.8675e-005
0.000124243
2.77298e-005
0.0606473
-0.0761084
0.0177225
0.000169145
-5.26956e-005
-2.86751e-005
0.240105
-0.297165
0.165648
0.000103033
-8.1086e-005
2.76278e-005
0.152948
-0.0129284
0.00769801
-0.000150949
-4.98678e-005
0.000147278
0.0226633
-0.250531
0.53131
-0.000110958
5.80944e-005
-0.000193547
-0.0104468
-0.0570119
0.0962495
-4.72451e-005
5.25588e-006
-3.20878e-005
-0.100549
0.0912543
0.363369
0.000128538
1.37521e-005
3.16852e-005
0.16595
-0.439573
-0.117779
-9.14334e-005
0.000135112
-2.49474e-005
0.0983879
-0.00182081
-0.0491397
3.99004e-005
-0.000100166
1.40152e-005
-0.161189
0.100471
-0.0256485
-3.28543e-005
2.42868e-006
3.73009e-005
0.135755
0.0517242
0.266688
-0.000120101
-8.1863e-005
-1.06211e-005
0.0286692
-0.037206
0.368014
0.000105974
-4.89637e-005
9.02861e-005
-0.119233
0.00406661
-0.127639
-0.000189965
-0.000198215
-0.000130629
0.146143
0.0595434
0.0886257
-5.00281e-005
-1.4666e-005
5.30548e-005
0.106445
-0.0372196
-0.037127
6.29147e-006
-0.000109126
1.62083e-005
0.0858679
0.249768
0.313601
0.000104961
-6.07109e-005
0.000143993
-0.294777
-0.437244
-0.367317
7.2087e-006
4.43397e-005
-1.64915e-005
0.277397
0.0144873
-0.0271764
-7.71734e-005
4.96462e-005
0.000117153
0.258283
-0.32501
-0.0166867
1.19037e-005
-3.40502e-005
6.89323e-005
0.111169
-0.0230872
0.0609693
1.62188e-007
-0.000149732
-0.000380794
0.13835
-0.0854931
0.00475254
5.47188e-005
-1.64294e-005
-1.43956e-005
-0.018835
0.0181054
0.114977
-0.000122953
-9.33416e-006
-8.85513e-006
0.0862311
0.0487447
0.0243657
7.35892e-006
3.1861e-005
-0.000106696
-0.0416802
-0.0160081
-0.295332
3.81419e-005
-0.000208405
-7.20125e-006
0.315583
0.0774188
-0.113272
0.000105691
4.89158e-006
-5.15877e-006
-0.119708
0.111485
0.0849273
0.000108913
-3.48936e-005
-6.02183e-006
0.15378
-0.0874531
0.0635243
1.14368e-005
-0.000100531
0.000155015
-0.020507
-0.377554
0.347553
0.000133195
0.000124294
-0.000116536
0.0857559
-0.109148
-0.00351343
-1.30175e-005
5.11606e-005
0.000113586
-0.92989
-1.34709
0.420712
0.000161273
-2.57853e-006
-0.000124439
0.0118142
-0.0133186
-0.0761133
-5.52363e-006
-5.05228e-006
0.000139383
0.0466135
-0.0742521
0.0591155
-2.63561e-005
5.92289e-005
2.59869e-005
0.088398
0.0953287
-0.0360836
9.94798e-006
-1.85917e-005
5.21751e-005
-0.152568
0.0491351
0.0219333
-0.000321498
0.000147534
1.15683e-005
0.266039
0.238334
-0.0896886
-1.60621e-005
2.20633e-005
-3.36023e-005
-0.0670578
0.012011
-0.0892879
0.000353916
-3.63738e-005
-2.39743e-005
0.0187608
0.101232
-0.0679865
-0.000134017
-8.48733e-005
1.91319e-005
0.129906
-0.0712384
0.130658
-0.000248588
0.000104178
1.3102e-005
0.000183417
-0.15811
-0.133556
-5.77371e-006
8.43442e-008
-2.77408e-005
0.212359
-0.0427195
0.01813
-5.53155e-005
2.80547e-005
0.00012297
-0.15393
0.0941137
0.0698948
7.90614e-005
-1.78203e-005
2.18045e-005
0.00269995
-0.0089626
0.0118621
4.72366e-006
-3.84926e-005
-2.70691e-005
-0.069557
-0.055242
0.0971425
-0.000190335
-1.64072e-005
-1.94511e-005
-0.0331717
-0.0328498
0.154981
3.54854e-005
2.79896e-005
-7.03907e-005
-0.00396112
0.0139839
0.108824
-2.36635e-005
-2.76683e-006
-4.46257e-005
0.0417985
0.0734332
-0.0100135
-8.66606e-005
-4.91033e-005
3.30916e-005
0.0275181
0.0307909
-0.0070124
-5.42075e-005
-7.4996e-005
9.54501e-005
-0.856559
-1.12904
-0.573964
-9.82497e-005
-1.74618e-006
0.000114909
-0.282995
-0.0596292
-0.0242169
1.88759e-005
7.43206e-005
0.000203955
0.0105116
-0.0290135
0.0310476
-5.73082e-005
-3.44345e-005
-0.000158527
0.15212
0.258651
-0.10499
-5.48678e-005
-1.76743e-005
-0.000155824
0.00160364
-0.00347348
-0.0443499
-5.95357e-005
3.90731e-005
-2.07048e-006
-0.00996357
0.0118962
0.0163905
5.28785e-005
-0.00016626
4.42851e-005
-0.0506316
0.00141598
-0.00450685
-0.000125737
9.91556e-005
-2.83815e-005
0.121451
-0.139196
0.112765
1.09236e-005
3.05879e-005
0.000120507
0.0180377
-0.156377
0.00336202
-0.000213824
3.53576e-005
0.000270525
-0.0230712
-0.0739822
0.0193295
6.43233e-006
3.58053e-005
-4.56958e-005
0.028823
0.0332972
0.151942
-7.9748e-006
-1.962e-005
1.44298e-005
-0.0123418
-0.196394
0.0610278
7.51175e-005
7.03955e-005
9.38263e-005
0.137685
-0.205555
-0.0169034
7.16003e-005
-1.91419e-005
0.000125712
-0.1602
0.178549
0.108018
-4.2418e-005
3.44008e-006
5.95347e-005
-0.10031
-0.540914
0.00261413
-2.2083e-005
-3.271e-005
-2.92882e-006
-0.07178
0.00856154
0.135232
-5.6101e-006
5.97494e-005
-0.000112896
0.236135
-0.119647
-0.0382484
-4.22471e-006
5.61433e-005
-6.44565e-005
-0.0347436
-0.129457
0.388324
0.000117968
-1.05363e-005
-0.000111787
-0.21976
-0.144437
0.0486791
4.03046e-006
-4.18155e-006
2.87891e-005
-0.0483731
-0.077317
0.110389
-2.52123e-005
-4.55681e-005
4.01969e-006
0.175641
0.0759974
0.039163
-5.46989e-005
0.000130309
-5.93917e-006
0.00508527
0.00545109
-0.0229335
-7.38589e-005
1.13553e-005
0.000107348
-0.0740821
-0.201296
0.0223895
9.83735e-006
6.07291e-005
0.000154367
0.274212
0.184212
0.0180774
0.000232884
-5.78722e-005
7.62282e-006
-0.0894477
-0.199112
0.206587
-5.15135e-005
0.000220979
0.000108635
-0.0184291
0.00256297
0.0674408
-0.000105659
-0.000322306
-2.63816e-005
-0.0156161
0.121048
0.0702812
7.04484e-005
-2.67487e-005
3.41485e-005
-0.0501926
0.0190277
0.0556621
0.000198982
-5.2901e-005
-4.86186e-005
0.0804049
0.0049664
-0.168049
-4.44012e-005
4.17073e-005
-9.27104e-005
-0.150227
-0.139552
-0.0251414
4.96181e-005
-1.96059e-005
-2.36773e-005
0.0096781
-0.0110173
0.080003
-0.000208491
-2.68709e-005
3.89843e-005
0.0172642
-0.160696
-0.0377301
2.4532e-005
-1.489e-005
-3.86896e-005
0.000404238
0.0307332
-0.265061
8.88997e-006
-3.53159e-005
-0.00023864
-0.128101
0.00175327
-0.122908
-0.000111168
0.000188013
5.52028e-005
0.115073
0.103988
0.222735
6.98766e-005
6.76077e-005
-5.32623e-005
0.0889587
-0.0331615
0.336666
-2.11574e-005
7.35935e-005
0.00011853
-0.082096
-0.00941996
0.0649473
-1.96037e-005
6.54384e-005
-5.3227e-005
-0.194754
-0.108159
-0.0351229
-0.000119947
5.1983e-005
1.29829e-005
0.0987331
0.0507128
0.0614573
-0.000103231
0.000188039
3.82858e-005
0.0379975
-0.0476494
-0.000143962
5.83519e-005
-7.66979e-005
4.01805e-006
0.0162717
-0.127468
0.0138085
-5.62107e-005
-2.03041e-007
-6.22199e-006
-0.0160417
-0.134635
0.292335
-0.000147583
6.13903e-005
-1.56876e-005
0.0452006
0.00180179
-0.0184575
0.000212229
-9.22702e-005
4.60212e-005
-0.272373
0.10439
-0.21689
0.000115714
9.57685e-005
2.55671e-005
-0.0295004
0.0413601
-0.0303074
-4.81968e-005
9.15382e-006
0.000120182
0.213916
-0.24362
-0.101399
-2.98184e-005
1.75151e-005
6.88135e-005
0.0805696
-0.0217532
0.0271698
-5.70225e-005
4.8634e-005
0.000149897
0.00563047
-0.118681
-0.0675137
0.000137981
0.000109371
-1.43964e-006
0.294804
-0.140714
0.0632983
0.000125874
-6.39939e-005
-9.72896e-007
0.043038
0.0728089
0.0549188
-5.04096e-005
-2.69893e-005
-0.000108156
0.0559154
-0.0219976
0.0960671
9.53878e-005
2.32592e-006
-7.12386e-006
0.132584
-0.327097
0.152197
2.63667e-005
1.09859e-005
6.92276e-005
0.0424201
0.0100863
0.0980414
5.41109e-005
1.35865e-006
8.65243e-005
-0.0912025
-0.0411224
-0.212184
1.78019e-005
4.22477e-006
9.40327e-005
0.408607
-0.344258
-0.0808525
0.000121262
6.76072e-005
7.0124e-006
-0.0423714
-0.0661197
-0.0596749
2.79911e-005
-1.63203e-005
5.03477e-005
-0.0206528
2.60117e-005
0.069058
-0.000155588
-4.09625e-005
-7.5288e-005
-0.0470655
-0.0360062
-0.0126356
-1.44042e-006
-6.82845e-005
-6.28748e-005
-0.221296
-0.0707957
-0.0860068
6.73108e-005
7.81413e-005
-0.000131375
0.0412438
0.0426102
-0.00808844
-7.12936e-005
-1.0273e-005
-0.000219834
-0.250556
-0.363154
0.185375
2.46598e-007
-1.15181e-005
-3.04553e-005
-0.159643
-0.295283
0.708259
-6.23741e-006
-6.93348e-005
7.45001e-005
-0.0627709
-0.237902
0.0743314
-9.23411e-006
-4.2647e-005
-0.00018938
0.101188
-0.313851
-0.205069
-8.91379e-005
2.73993e-005
2.58272e-006
-0.0120835
0.110451
0.168085
0.000206146
0.00014018
-1.99544e-005
-0.0728773
0.0133935
-0.0765859
1.71062e-005
0.000138788
-0.000184455
-0.270498
-0.203815
0.171694
2.37263e-005
-0.000150807
7.08873e-005
-0.0459573
0.0776438
0.11784
8.66465e-006
-9.42629e-005
-0.000158493
-0.0570244
0.047946
0.00399
-8.54435e-005
2.88378e-006
3.40716e-007
0.0450873
-0.0566218
-0.0736308
-5.22169e-005
3.80418e-005
5.18893e-007
-0.08752
0.0135185
-0.014719
2.27556e-005
-1.3146e-005
0.000133403
-0.410186
0.0191741
0.247009
1.28347e-005
0.000129165
-0.000131576
0.039139
-0.0652931
0.0498252
-5.81021e-006
-1.23588e-005
3.76732e-005
-0.0993691
0.115774
0.0856084
-7.45425e-005
-4.87363e-005
5.34959e-005
0.200068
-0.0266116
-0.127495
2.44426e-006
-2.58803e-005
0.000176288
-0.0943689
0.0700867
-0.03929
-7.78699e-006
-3.18998e-005
-1.06843e-005
0.0502715
-0.206274
0.00905563
4.1495e-005
-8.48576e-005
-2.91384e-005
0.238003
-0.00473615
-0.0964784
-6.10641e-005
-9.1935e-006
-5.08429e-005
0.157796
-0.121292
-0.0391959
-9.27211e-005
2.98917e-005
8.14645e-006
0.0676232
-0.00109221
0.10481
1.0883e-006
-9.75332e-005
-0.000133575
-0.225969
-1.31231
0.531612
-3.65415e-005
-5.05655e-005
7.69086e-006
0.0523427
-0.0768233
0.120647
-6.5402e-005
1.51314e-005
-2.28816e-005
-0.103992
0.0132042
0.204965
1.93415e-005
5.84082e-005
-8.07592e-005
0.270838
-0.232504
-0.16935
1.99569e-005
2.54586e-006
-0.000175156
-0.0616254
-0.0175914
0.0718614
-7.44859e-005
2.49882e-005
1.2426e-005
0.0116686
-0.133367
-0.0595836
0.000110666
1.8165e-005
-1.37234e-005
0.156357
0.0494669
0.101164
0.000115363
6.49811e-005
0.000129059
-0.104297
-0.0183046
-0.00226383
-1.19892e-005
-4.29929e-005
-1.15062e-005
0.00650653
-0.0306413
0.0316199
-1.0588e-005
1.15859e-005
-4.82986e-005
0.0283718
0.0251589
-0.116718
-0.000122114
0.000109649
-8.4541e-005
0.190757
-0.2594
-0.206622
-0.000161861
9.89491e-006
4.02568e-005
-0.123997
-0.299518
-0.0185272
-5.4252e-006
-2.97785e-005
-2.41461e-007
0.10639
0.0298938
-0.0740252
-2.09142e-005
3.35879e-006
-0.000109987
-0.189357
-0.174715
0.0597934
-4.49546e-005
-5.57666e-006
1.04945e-006
-0.518147
-0.120394
-0.622092
1.27352e-006
-4.18125e-006
0.000192764
0.190947
0.0080487
0.0175693
1.69284e-005
3.39406e-005
-8.58993e-006
-0.183356
-0.15058
0.0170334
8.71908e-006
3.60301e-005
-1.62213e-005
-0.0504569
0.0426365
0.0230479
-0.000333109
-6.23863e-005
6.06712e-006
-0.38261
0.0108948
0.0591525
-6.47162e-005
8.33833e-005
2.12505e-005
0.0408425
-0.0944251
-0.00943072
-2.02874e-005
2.30395e-008
4.68215e-008
-0.0363103
-0.123492
0.0429896
0.000155451
-7.71477e-005
-0.000131315
0.112739
0.0138586
0.198809
-0.000109997
1.69445e-005
3.12753e-005
-0.12175
-0.541438
0.109285
-8.48025e-005
-1.79094e-006
8.16526e-006
0.00418984
0.0836013
-0.115441
-6.48135e-006
2.55765e-005
1.87744e-005
0.0519645
0.201144
0.200891
-1.41015e-005
1.03393e-005
6.72659e-005
-0.000459573
-0.792598
-0.615991
-4.58703e-005
-1.48859e-005
4.72376e-005
-0.0523294
-0.051592
0.0579767
-8.0484e-005
3.52914e-005
0.000266247
-0.059597
-0.0307475
-0.00565753
-0.000284652
0.000122102
-0.000171792
0.0397846
-0.266664
0.081562
-4.57878e-005
-9.51236e-005
0.000146944
0.0658839
0.0191891
0.0837064
-6.23852e-005
-2.43423e-005
3.29244e-006
0.156923
-1.59795
0.251516
-7.78576e-005
4.99195e-005
3.44694e-005
-0.0401094
0.200786
0.179328
-0.000107649
2.60537e-005
5.82978e-005
0.0233548
-0.181767
-0.197776
7.78794e-005
-0.000156297
-0.000335525
-0.162983
0.0123183
0.410432
-8.59988e-005
5.35386e-005
4.60518e-005
0.0292367
-0.0766663
0.134119
1.59769e-005
5.04392e-005
2.1594e-005
0.0560091
-0.0667396
-0.0658052
0.000153177
-7.11815e-005
-7.325e-006
0.179681
-0.149508
-0.000402297
2.30432e-005
8.7054e-005
-6.85427e-007
0.194074
-0.127361
0.063057
-0.000175761
0.000117354
-8.9258e-005
-0.0146121
0.0684912
-0.0580103
-1.79598e-005
-3.43014e-005
-2.69151e-005
-0.15173
0.0949478
0.105862
4.92891e-005
2.75086e-007
-6.05933e-006
-0.0372143
-0.0583771
-0.0373993
5.45429e-006
-0.000178751
8.66371e-006
-0.117534
-0.054356
-0.0253125
-5.19036e-005
-1.11628e-005
-6.10082e-006
0.30018
-0.0213993
-0.18957
0.000144665
-5.03449e-005
-4.63062e-006
-0.0435237
0.00895273
-0.138658
3.9098e-005
6.19615e-005
-3.66251e-006
-0.0443776
-0.046444
-0.136266
7.22157e-005
-8.1155e-005
-3.58305e-006
-0.175177
-0.0100126
0.0430883
-2.24381e-005
-0.000164294
-0.000118676
0.155508
-0.156377
-0.0100261
-9.63265e-005
-7.27293e-006
4.44754e-005
-0.0209747
-0.000902475
-0.0447447
-3.05906e-005
-6.03988e-006
6.14893e-005
-0.133477
-0.0401199
0.073207
2.29343e-005
-6.98665e-005
-1.95417e-005
-0.0996372
-0.361272
-0.349305
3.25117e-005
-1.25807e-005
-5.40694e-005
0.741727
-0.281721
-0.251205
4.4084e-006
6.2892e-005
0.000238117
0.0519355
0.0141889
0.0672368
-5.78479e-006
3.19216e-006
-7.16728e-005
-0.0941325
0.00329993
0.0902455
1.11806e-005
1.43155e-005
-2.87044e-005
0.28402
-0.124012
-0.00650312
-7.36051e-005
3.60266e-005
3.77627e-005
-0.141332
0.0186378
-0.0280546
-7.19071e-005
-7.16055e-006
-1.211e-005
0.0239901
-0.0452088
-0.193892
1.71554e-005
4.05549e-005
-4.67584e-005
0.0682978
-0.257922
-0.755551
-1.44095e-005
-2.84377e-005
-1.8304e-005
0.181277
-0.437879
0.0380509
-0.000112213
-3.61292e-005
4.12824e-005
0.0797769
-0.268286
-0.116524
2.88723e-006
-7.38069e-005
6.53437e-005
0.00554087
-0.000491478
-0.0614758
0.00017117
6.68867e-005
-0.000138101
0.0254071
-0.0504639
-0.162801
0.000294512
0.000125112
-7.44595e-005
-0.269435
-0.114952
0.00510705
2.16076e-005
1.05008e-005
1.11397e-005
-0.295183
-0.13973
0.141762
9.15991e-007
3.08942e-006
-1.95323e-005
0.201005
0.0884353
0.056708
-8.32858e-005
3.35259e-005
-2.11864e-006
-0.10688
-0.657365
0.176799
5.56719e-005
6.41931e-005
-0.000142078
0.342958
0.205266
-0.222365
-8.21745e-005
2.73858e-005
6.79025e-005
0.0410542
-0.056957
0.124879
0.000217262
-2.05947e-005
0.000239845
0.15537
-0.139022
0.576128
3.28083e-005
5.18372e-007
-2.34893e-005
-0.0920415
-0.0475766
-0.27651
-6.20382e-005
8.89626e-005
2.20026e-005
0.274279
-0.301192
0.121831
-5.54929e-006
-3.62804e-005
1.83514e-005
-0.025665
-0.0282733
-0.0485065
4.53574e-005
5.46084e-005
2.42434e-005
-0.368671
0.00583801
0.118627
5.11835e-005
1.57388e-005
3.4291e-005
-0.00673921
-0.00467096
0.0531512
-1.40855e-005
0.000127851
-0.000212715
-0.0955598
0.0358537
-0.0733681
0.0001475
0.000108049
2.84622e-005
0.0728362
-0.0189699
0.0224089
-0.000156197
-0.000109537
1.14464e-005
-0.0277795
-0.0304158
0.0644241
-2.44523e-005
-0.000124967
6.84541e-005
0.120997
-0.0442334
-0.0143701
-5.67476e-005
-0.000111255
0.000103672
-0.109034
0.0380335
-0.0491275
4.00711e-005
-2.7377e-005
2.32036e-005
0.119919
-0.056733
0.0260188
-2.76109e-005
-6.76211e-005
8.66529e-005
0.153789
-0.206213
-0.00663036
-0.000113277
3.56088e-005
-1.91593e-005
0.0276466
0.0540701
0.0216221
-6.14889e-005
6.85172e-005
-8.68371e-005
-0.0182535
-0.176702
-0.000287775
8.39991e-005
-3.91441e-005
4.87487e-005
-0.246426
-0.152058
0.305027
8.85096e-005
9.32317e-005
2.33647e-005
0.508564
-0.021602
-0.0684254
-0.000133597
-1.93853e-005
6.56679e-006
