-0.0107349
0.0393285
0.00120858
-0.000239919
8.53306e-005
5.34064e-005
0.0201717
0.00209308
0.0803323
-0.000137881
-2.6229e-005
9.2685e-005
-0.00673064
-0.00015093
0.0528996
9.21532e-005
-7.93138e-005
7.15267e-005
0.139739
-0.0126597
0.0942737
-1.19849e-005
2.5265e-006
-0.000365317
-0.0306211
-0.197196
0.0606092
9.2533e-005
0.000224386
0.000250561
0.0936039
-0.159237
-0.0472009
-3.409e-005
0.000143516
-7.22579e-005
-0.0444426
-5.66151e-005
0.0853695
0.00022658
1.15246e-005
2.68908e-005
0.111419
-0.00153291
0.0059019
-3.81068e-005
-9.1542e-006
3.40226e-005
-0.130449
-0.00118183
-0.0476276
0.000361247
-0.000218283
-4.69146e-005
0.119058
0.000463958
0.0601958
0.000216837
-1.27161e-005
-0.000259943
-0.0240428
-0.195987
0.0631554
0.000148101
-0.000294802
-0.00013555
-0.161152
0.0012229
0.0155963
-0.000398041
-1.47964e-005
2.51018e-005
0.0498773
0.0438849
0.0746198
-9.29736e-005
1.18504e-005
-0.000194601
0.228906
0.000291396
-0.364921
-0.000139576
0.000198822
0.000216765
0.0663008
0.0011235
-0.133166
-7.68341e-006
-0.000383533
-0.000165999
0.101656
0.00859755
0.109876
0.000187928
-6.19454e-006
2.91312e-005
0.175902
0.130811
-0.00507229
0.000279743
-1.33265e-005
5.97751e-006
0.100606
-0.0377639
0.0335135
4.14538e-005
-6.19792e-005
-5.34461e-005
0.0418768
-0.000723219
0.120334
-7.97851e-005
-3.47477e-005
8.65814e-006
0.00295432
0.0376456
0.0846811
-4.74816e-006
-4.742e-005
0.000124584
-0.150028
-0.0555488
-0.0833083
5.07177e-006
1.06317e-005
-0.00016957
0.155171
-0.000550081
0.0125665
-0.000245316
-8.00089e-005
0.000139825
0.12401
0.0310734
0.022099
2.46278e-005
0.000190084
2.91699e-005
0.146733
0.068808
0.109494
5.09423e-006
-9.11409e-006
-1.28846e-005
0.037484
1.19845e-005
-0.146044
-0.000103395
2.07702e-005
0.000121155
-0.0531493
-0.00012473
-0.0223229
-0.000131109
0.000116111
0.000122124
-0.216626
0.000822812
0.0245522
-0.000376091
-2.71494e-005
-4.65417e-005
-0.0142249
0.0275777
0.00531933
7.63084e-005
-3.43232e-006
7.77673e-005
0.0166101
-0.051312
-0.0407853
4.58447e-005
-0.000272502
-0.000109064
-0.00206375
0.00358801
-0.0142833
7.09824e-005
0.00024981
3.90337e-005
-0.013613
0.00461228
0.0303443
-1.61102e-005
2.45953e-005
7.1128e-005
-0.14037
-0.11089
-0.0995072
-2.71345e-005
-0.000160399
0.000304822
0.0714401
-0.1228
-0.0620273
-0.000199047
4.96031e-005
0.000103964
0.00144461
0.00835172
0.000439658
-0.000117104
-4.14449e-005
-2.54899e-005
-0.152077
3.29235e-005
0.028576
-0.000352944
-1.30956e-005
7.2852e-005
0.23912
0.0013476
0.0433833
0.000219244
-6.29082e-005
-5.06695e-005
0.214348
0.00129603
-0.0511151
-0.00016504
-3.18348e-005
0.000193685
-0.0879633
0.0274807
-0.126301
-2.59215e-005
-0.000225143
-0.000283527
-0.0602228
0.000187676
-0.0579339
-0.000134866
-0.000240212
0.000292429
0.0458492
0.000217865
0.0451202
0.000132653
-0.000227167
0.000284336
0.0829215
0.000419137
-0.132523
8.24344e-005
-0.000275055
-2.52084e-006
0.0561503
-0.0384949
-0.0105123
-0.000127177
-2.29832e-006
0.000207656
0.174667
0.00167608
-0.514453
0.000368735
-0.000363057
-0.000242668
0.105637
-0.084561
0.334259
-3.13564e-005
7.07927e-005
-2.95769e-005
-0.111299
-0.000641889
0.00886288
4.40837e-005
3.22114e-005
-7.86908e-005
-0.120247
1.31534e-007
0.0386964
4.2681e-006
-1.01586e-005
9.35004e-005
-0.0498475
0.000277225
-0.0267766
3.26975e-005
5.12728e-006
2.19808e-005
0.014049
0.000184678
0.153507
-3.53933e-005
-4.19632e-006
2.35494e-005
-0.0960163
0.118639
0.0522578
-8.74361e-005
2.9354e-005
0.000198542
0.0473277
-0.00121349
0.111891
-9.63844e-005
-7.85166e-006
-4.60769e-005
0.00921074
-9.78256e-009
-0.000751467
0.000168504
0.000210235
-1.12861e-005
-0.0805057
-0.00212279
-0.0625492
-1.27459e-005
0.000357508
-0.000367272
-0.180214
0.000297807
-0.113053
0.000184766
0.000117848
-2.60079e-005
-0.0408194
0.00243869
0.0306987
-8.02278e-005
-7.34302e-005
-0.000126789
0.367919
0.000218053
-0.136979
1.5323e-005
1.33861e-005
2.62483e-005
0.226889
-0.000350394
-0.0639986
-8.64244e-006
-2.39794e-005
-0.00015325
-0.0177866
0.0317973
0.000767268
0.000102047
1.55753e-005
-5.63322e-005
0.0521754
0.066921
0.104848
0.000147042
-4.14297e-005
-3.7913e-005
0.191672
0.00143091
-0.130232
-0.000153041
-3.29112e-006
9.42661e-006
-0.0572907
0.0250411
0.0229561
7.03285e-005
-1.19955e-005
-3.74397e-005
0.00432131
-0.000547558
0.151327
2.4521e-005
9.26324e-005
9.44461e-005
-0.167298
0.0749445
0.140255
0.000193705
4.15895e-005
-0.000154444
0.112307
-0.000922345
-0.369184
-3.84851e-005
1.81427e-005
0.000177391
0.139505
0.000219934
0.098657
2.3445e-005
5.55253e-005
-4.84018e-005
-0.0960532
7.66897e-017
-0.148128
6.01237e-005
0.000163257
-4.84749e-006
-0.0444438
-0.0102562
-0.138519
6.43647e-005
5.86659e-005
0.000142442
-0.0215331
0.000510573
0.0165853
8.86156e-005
6.48547e-005
3.44696e-005
0.297476
0.0241777
-0.0292246
-0.000139684
-0.000278326
-7.98989e-005
-0.02448
-0.10093
0.0662963
-8.67875e-005
-5.80823e-006
0.000428329
0.28644
-8.50233e-008
0.0503383
-6.41465e-005
1.12641e-005
-4.25105e-005
-0.0808334
8.64872e-005
-0.0560308
-0.000230199
-0.000234217
0.000105762
0.137361
-0.00204185
0.0166379
-0.000228235
2.59222e-005
0.0001128
-0.00420936
-0.201314
0.064495
1.12712e-005
0.000211904
-0.000352877
0.148007
6.26336e-007
-0.0379809
0.000124187
4.91441e-005
-0.000264484
-0.148238
-0.0893779
-0.0292975
9.4587e-006
3.67727e-005
-2.3393e-005
0.0455709
0.000906907
-0.0173323
-0.000182669
0.000222079
0.000230826
0.021201
0.000823654
0.0076654
0.000211898
-0.00013946
0.000124687
-0.0421214
-5.87221e-005
0.048115
0.000192078
0.000162808
0.000157333
-0.0946306
-0.0965456
0.0464907
-0.00021154
-4.18212e-005
8.80707e-005
-0.0800624
0.00069791
-0.0153167
5.84401e-005
-3.82625e-005
8.75094e-005
0.00498512
1.73637e-005
0.111149
0.000139597
1.14944e-005
0.00011506
-0.115062
-0.096984
0.0354584
-9.12477e-005
0.00013114
5.33374e-005
0.000760771
0.0113938
-0.0440321
2.06279e-005
1.2411e-006
-4.12938e-005
0.0523442
0.000135911
-0.140426
6.97735e-006
-0.000181993
0.000131677
0.143042
0.000149332
-0.0212743
-0.000286776
9.51829e-005
5.00176e-005
-0.0737517
0.000468168
0.060602
0.000119764
0.000128123
1.46821e-005
-0.0426948
0.000737757
-0.0407624
-0.00010891
0.00012796
7.96914e-005
-0.0725185
0.0578658
0.131515
-8.80777e-005
-1.46576e-005
-7.97629e-005
0.148407
0.141819
-0.209709
4.74988e-005
-0.000219949
-1.50089e-005
0.127541
-0.289494
0.71666
1.36939e-005
0.000178104
-0.000254909
0.0429289
-0.000328843
-0.0218061
-0.000263026
3.37528e-005
0.000167744
0.0444376
1.33078e-009
0.0266571
-1.01774e-005
-0.000139543
-0.00028119
0.0964293
-0.0577015
-0.0307026
2.15276e-005
-1.02423e-005
0.000189703
-0.0349495
0.000341928
0.101375
-6.80269e-005
-4.17061e-005
2.59875e-005
-0.0581394
-0.0569914
0.108507
2.61085e-005
-0.000217194
0.000295157
-0.0201196
0.000626447
-0.0432326
-1.18982e-005
0.000116711
5.75701e-006
-0.123541
-0.00110848
0.015951
0.000239525
-8.21334e-005
1.10215e-005
-0.010194
0.0363666
0.00245158
-8.67017e-005
3.77843e-005
0.000103314
0.041053
5.47382e-005
0.0111353
2.37561e-005
-0.000101989
5.71043e-005
-0.0791335
0.00018129
0.226324
-6.9198e-005
-0.00034331
-0.000108969
-0.0381764
-0.00141931
-0.129278
0.000213974
-6.39971e-005
-0.000129659
0.163276
0.00123367
-0.138865
0.000118221
0.00032986
6.10853e-005
-0.042863
0.000352146
0.0244085
-1.32723e-005
0.000111517
5.58123e-005
0.0487141
-0.000116909
-0.110709
-0.000107828
-0.000153739
0.000221694
-0.0845307
-0.036169
0.15862
4.07083e-005
5.91588e-005
-0.00014054
-0.321188
-8.22011e-006
-0.0955214
-9.11749e-006
0.000102833
1.62121e-005
-0.109981
5.40089e-005
0.15126
0.000233283
-0.000121146
6.67715e-005
0.169568
0.000354724
-0.0645479
3.30027e-005
0.000155222
0.000145619
0.0605129
0.168781
-0.193103
-0.000145424
2.77797e-005
3.23109e-005
0.00268972
7.39927e-005
-0.0026505
-8.49495e-005
3.76142e-005
-0.000424741
0.0149406
-0.14914
0.0543865
6.72216e-006
0.000109876
0.000356507
-0.105111
-7.45414e-005
0.0182121
5.83692e-005
-5.15931e-006
2.98482e-005
-0.00272674
0.000443141
0.0665362
-5.29289e-005
0.000257255
-9.24438e-005
-0.221171
-9.06046e-005
-0.0581332
0.00015205
3.56051e-005
0.000150639
-0.0169585
0.000187327
-0.0446623
0.000115937
-0.000133014
-9.67224e-006
0.0923877
0.00633616
-0.127643
0.000108087
-0.00015482
-1.01663e-005
-0.00351858
-0.00130816
0.0996578
1.55574e-005
3.72818e-005
-9.35304e-005
-0.0614792
0.000986521
-0.446258
-0.000382268
0.000153829
-0.000201215
0.0744978
-0.0341146
0.0861428
5.65516e-005
-1.19099e-005
-0.000169951
-0.146879
0.000203225
0.180977
0.000146515
-4.40496e-006
2.28073e-005
-0.124513
0.0136681
0.00334775
-4.75446e-005
7.4014e-005
7.78328e-005
-0.0219854
-0.0352135
-0.0333156
-3.96218e-007
0.000141611
0.000229323
-0.00311349
-0.00107201
0.0657079
-0.000173601
0.000228818
-8.62983e-005
0.163969
-0.00110073
-0.0318378
-2.23558e-005
-0.000159993
0.000152621
-0.00680689
0.000158779
0.143315
9.58538e-007
-2.8756e-005
-9.59733e-005
-0.268432
0.0360288
-0.0530075
0.000140429
6.19573e-006
-0.000131311
-0.028673
-0.000176162
0.0457257
-2.01253e-005
-4.55784e-005
-2.57216e-005
-0.112445
2.88676e-005
-0.0906938
3.87363e-005
3.6273e-005
-9.32895e-006
0.0334831
-0.000129639
-0.199111
-1.79177e-005
-0.000113708
0.000112817
0.0787046
0.00024142
-0.0433368
8.01605e-005
0.000190982
-5.13435e-005
0.0729533
0.000329025
0.0937117
-0.000266895
8.62254e-005
-0.00020981
-0.0508981
-0.000166906
-0.0420385
0.000134239
-0.000177871
0.000114846
0.0255007
-0.135005
0.0109583
-0.000185309
6.03969e-005
9.78466e-005
-0.0864594
-0.000607702
-0.0780839
0.000523576
0.000499524
0.000115553
0.0194412
-0.00231887
0.0967017
3.47001e-005
-2.10498e-005
-3.32663e-005
0.0536842
0.0438691
-0.00165815
8.78283e-005
-4.51393e-006
1.4984e-005
-0.140013
0.0326481
0.0504592
5.77992e-005
4.67451e-005
2.76574e-005
-0.164413
0.000516454
0.0872664
-1.56792e-005
-1.4502e-006
-0.00011471
0.0858346
-0.0164679
-0.153204
-0.000112319
2.02529e-007
-6.57778e-005
-0.0228329
-0.000648089
-0.0241324
-9.38313e-006
4.15138e-006
1.13709e-005
0.00893967
-0.0390669
0.0669703
-2.28652e-005
-5.94746e-005
0.000171398
0.128125
-0.00137758
-0.0278881
5.72385e-005
-3.60733e-005
-5.91545e-005
0.0894929
0.000160393
0.128539
0.000309253
-5.51085e-005
0.000543974
0.02148
0.0297731
-0.15147
-3.21973e-005
0.00012524
2.16167e-005
-0.130348
-0.0726519
0.0496365
9.8483e-006
-9.30231e-005
-8.70274e-006
-0.146847
-8.43116e-009
0.137168
6.74107e-005
0.000216402
4.56311e-005
-0.0952839
-3.23184e-007
0.0272226
3.39607e-006
1.46775e-005
3.91965e-005
0.125884
-3.00833e-005
-0.124911
3.14889e-007
1.77763e-005
7.30932e-005
0.0118009
0.000112706
0.122395
4.1468e-005
-7.4618e-005
-1.34819e-005
0.0159715
-0.00807856
0.0376664
-4.53475e-005
0.000139422
0.000429325
-0.0190678
0.000666986
0.0474586
1.33846e-006
-4.04558e-005
-8.95605e-006
-0.0070788
0.000605925
-0.0924716
-0.000110256
1.08398e-005
0.000123999
0.00490637
-0.0778434
0.0272266
-7.41846e-005
-3.49659e-005
-4.90947e-005
0.106716
0.000141059
0.0326735
3.42581e-005
9.59216e-005
-5.30952e-005
0.112614
0.000117867
0.0392992
6.48221e-005
-0.000235754
-8.47101e-006
0.0355708
0.000195277
-0.422197
3.58561e-005
6.98451e-005
0.000301186
-0.0133601
0.122071
-0.0032696
3.07266e-005
4.83391e-005
-2.89395e-005
-0.0850893
-0.000517895
-0.0625989
0.000253368
-0.000154071
1.87068e-005
0.040247
0.000137773
-0.0244231
3.22554e-005
7.08228e-005
0.000116968
0.0578213
-7.92798e-005
-0.0687078
-0.00012844
0.000427027
0.000361147
0.0303593
-0.106055
0.110403
-0.000166954
-3.15276e-005
7.19268e-005
-0.0999232
-0.0633723
0.0482758
1.51704e-005
-1.20452e-005
-3.19565e-005
0.093552
-0.00195681
0.127709
-0.000100909
-0.000125669
1.69054e-005
-0.0363177
-0.00347079
-0.0738412
7.67412e-005
0.000206796
-9.21936e-005
0.0311468
0.0259231
-0.128042
0.000197635
-0.00032091
9.70457e-005
-0.105567
0.0163417
-0.0912489
0.000465062
0.000311327
-7.99782e-005
-0.0522997
-0.000926121
-0.0168069
7.32901e-006
-0.000107173
5.89047e-005
-0.0717131
3.57451e-006
-0.136777
-4.5005e-005
-0.000261347
-4.23543e-006
-0.0529431
-0.0948062
0.123785
6.26423e-005
-0.000124588
-2.13293e-005
0.153593
0.0407059
-0.166708
9.46059e-005
-0.000115141
0.000162391
-0.134287
0.0406826
-0.179405
-8.03387e-005
0.000127428
0.00028902
0.30109
8.03907e-005
-0.0491379
-5.33956e-006
-2.24978e-006
-7.8737e-006
0.11875
0.000115356
0.107862
1.4713e-005
-1.09476e-005
-2.62811e-005
0.060175
0.000438823
-0.138532
6.45262e-005
-2.94329e-005
-0.000200949
0.00900564
3.9354e-006
0.137444
-0.000317638
-7.44823e-005
7.08555e-005
-0.028534
0.00064416
0.122618
-6.98362e-005
-0.000148088
-0.000216801
-0.0917295
-0.0376653
0.0719384
-0.000161077
2.64719e-005
1.27849e-005
-0.0120868
0.000203123
0.147576
-2.68735e-005
9.88616e-005
0.000124379
-0.0844455
-3.60687e-006
0.0866097
-1.52813e-005
-7.55817e-005
-5.89618e-005
0.0413094
-0.000248738
0.061095
5.93926e-005
-0.000269898
-0.000101335
-0.127636
-0.00394328
-0.0496184
-0.000137386
-3.73581e-005
5.01096e-005
0.0191234
-0.0276738
0.0495785
-2.92767e-005
-5.04669e-006
0.00040176
0.00233038
-0.00039303
-0.0200574
1.47552e-005
-1.25662e-005
0.000103013
0.0765658
-0.000359827
-0.0542909
1.93448e-005
6.39708e-005
6.34055e-005
0.0906066
0.0605369
0.0504306
3.94335e-005
1.4207e-005
0.000252287
-0.0412546
0.0369826
0.101002
3.50939e-005
-4.11111e-006
0.000669086
-0.0853169
-0.0334364
-0.0513226
-0.000178079
-0.000144337
6.03999e-005
0.0562588
1.25748e-005
-0.0396364
0.00011644
3.20207e-008
5.67247e-005
0.186426
-0.000334982
-0.335248
-0.000101433
0.000295707
-6.48474e-005
0.0333296
-0.00131805
0.00745453
0.000133661
7.89663e-005
5.09787e-005
0.00236711
-0.015358
-0.0388267
-0.00014371
-0.000118238
-0.000242109
-0.00777983
-0.00286775
0.067912
-7.82029e-005
-6.09346e-005
1.69422e-005
0.0720297
-0.00110583
-0.0555465
-0.000230926
3.33287e-005
1.2236e-005
0.0122948
0.196905
-0.0470061
-5.36097e-005
0.000120819
0.000128186
0.0426185
2.49996e-005
-0.0273075
0.000322842
-0.000374197
-0.000174615
-0.158204
0.00122128
0.0261019
0.000164157
-0.00013056
-6.58271e-006
-0.0559627
-3.32052e-005
-0.146479
9.17527e-005
-9.33146e-005
6.43414e-005
-0.0182439
0.021305
-0.0944015
3.8248e-005
-7.41235e-005
-4.76685e-005
-0.17728
3.75664e-007
-0.277472
-0.000185502
-0.000150997
-2.16947e-005
0.169552
-8.92981e-005
0.111397
-0.000124289
8.34033e-005
5.04652e-006
-0.0617933
-0.000221092
-0.071202
0.000139626
-0.000199317
-0.000252966
-0.0880751
-0.0404646
0.0847864
-0.000233961
0.000177258
-0.000250695
-0.0210643
0.0240686
-0.00960079
-1.74482e-005
-6.90681e-005
-0.000145294
0.0630258
0.000801325
0.101063
-7.83369e-005
-3.77377e-005
0.00017005
-0.00720506
-0.0566594
0.0664071
-4.38854e-005
-5.93062e-005
-5.56171e-005
0.0656093
-7.98982e-005
0.192882
4.30478e-005
0.000275047
-0.000188886
-0.0428289
0.0120607
-0.0339475
9.41838e-005
-4.22885e-005
-8.86758e-005
0.10572
-0.388247
0.296957
-9.77461e-005
-0.000204923
-0.00012507
-0.266834
0.0861207
0.0126918
-1.58877e-005
0.000206824
-0.000125656
-0.0736683
-0.00606211
-0.0563339
-0.000101561
0.000180952
0.000128317
-0.0441622
-0.0266354
0.00967841
-0.000134072
-1.98418e-005
-4.38994e-005
-0.166307
0.0880057
0.111309
2.84821e-006
-9.19185e-005
6.349e-005
0.293375
-0.00115297
-0.323525
-3.91841e-005
2.6785e-006
-6.45748e-005
-0.00327632
8.21749e-005
0.085978
-9.96149e-005
-1.57743e-005
4.92474e-005
-0.0945852
0.112108
0.0831937
0.00030382
-6.9079e-006
3.74477e-005
-0.00262696
-0.0134257
0.0807933
4.00036e-005
6.07497e-005
-3.49137e-005
0.0903716
-0.000148652
-0.171636
6.64332e-006
2.49938e-005
3.31978e-005
0.0445523
-0.00154974
0.027097
-9.04749e-005
-0.000490896
4.14018e-005
0.0379287
0.000130444
0.0805959
2.49592e-005
3.00401e-005
-9.27938e-005
-0.0853006
-0.0791429
-0.0266671
-5.97522e-005
-7.57778e-005
0.000289421
0.0245587
0.000275697
-0.0318838
-4.12807e-005
-8.94094e-005
-3.69315e-006
0.190831
-0.000181565
-0.106609
0.000207977
-2.84077e-005
6.5043e-005
-0.0137183
0.000240305
0.0876371
-2.31259e-005
-6.70016e-005
-0.0002289
-0.0159943
-0.000126084
0.0618319
0.000176307
-0.000147735
2.22685e-005
-0.0411446
-0.000541766
-0.0902911
5.61331e-005
-0.000128272
-0.000126776
0.0455484
0.00174156
0.0140927
9.87314e-005
0.000184047
4.67843e-005
-0.23293
0.00253177
0.173572
-6.86724e-006
-5.24542e-005
4.24142e-005
-0.00195032
-0.0270177
0.0247051
2.15404e-005
7.56538e-005
9.32142e-005
-0.0155999
0.00124975
0.0736821
0.000260106
-0.000279353
8.68809e-005
0.0217759
0.00121779
-0.150526
1.09596e-005
-2.27125e-005
-0.000180721
0.221119
-8.81118e-008
-0.154099
0.000202056
-0.000107016
0.000149021
-0.0246012
0.000204553
-0.0512487
9.50291e-005
0.000483351
-0.000254489
0.00144631
0.000250542
-0.0701481
1.18899e-005
-0.000132857
-0.000117999
0.0258972
-0.000745829
0.00258975
1.28347e-006
-0.000329678
-0.000144358
-0.0221106
0.000347212
-0.0212545
5.08542e-005
-7.23658e-005
-2.85563e-005
0.00998748
-0.000180902
-0.105144
1.20259e-005
7.06332e-005
0.000181319
0.0722827
0.000493029
0.0173957
-0.00014128
-5.05114e-005
-0.000149872
-0.0202963
-0.000178084
-0.0243187
0.00021606
2.56688e-005
4.13486e-005
0.0322391
-0.000159178
-0.0134009
6.52003e-005
6.62756e-005
-1.26018e-005
-0.00501797
0.00239694
0.004855
0.000231506
-6.34214e-005
-4.97206e-005
0.0834356
-0.116784
0.178387
-7.09535e-005
-5.82026e-006
-0.000122276
-0.0559039
-0.0995094
0.231153
-5.01283e-005
1.5474e-005
-0.00010435
-0.00263211
-0.00256341
0.158627
0.000119438
0.000112657
-1.17445e-005
0.172977
0.000338382
-0.0364243
-7.42964e-005
0.000357023
1.13524e-005
-0.0426071
0.0100082
0.106473
5.70617e-006
7.33444e-005
-4.07907e-005
-0.0984826
-0.00133739
0.0255076
-8.00894e-005
9.93376e-005
-8.62459e-006
0.086696
-0.0012346
0.124913
7.64824e-006
-0.000133087
0.000121956
0.09431
0.137878
-0.0805984
-0.0003206
-4.08845e-006
-1.17983e-005
0.0344737
0.055689
-0.031536
-6.42465e-005
0.000386607
-0.000426184
-0.0671095
0.0965648
-0.0597369
5.67747e-005
0.000308889
-1.86707e-005
0.0525493
-8.36079e-005
-0.0563259
5.81406e-005
-7.80114e-005
1.00827e-005
0.0234639
0.000845992
0.184753
1.80672e-005
-0.00012661
5.65029e-005
0.0125731
0.0873979
0.00418487
-2.43784e-005
-1.38423e-005
0.000100776
0.106199
1.92464e-008
0.0393154
3.48367e-006
0.000133094
-0.000218243
-0.0907918
0.0285706
0.117461
-2.57079e-005
8.47026e-005
-0.000145727
0.0807236
-0.00014848
-0.125032
0.000147315
0.000234536
0.000298171
-0.143089
-0.0109044
0.179842
-2.66324e-005
0.000139465
8.95092e-005
-0.0746844
-0.000341596
0.0696953
1.43475e-005
0.000162216
-0.000111261
0.0237637
-0.000941697
0.0976424
8.74208e-005
0.000212607
6.50232e-005
-0.0574021
-0.00678417
-0.0361297
-1.09254e-005
-3.56406e-005
-1.69803e-005
0.0242044
-0.0271598
0.0474865
7.15234e-005
0.00017745
-6.19437e-005
0.062969
-0.000364932
0.0962855
0.000140482
1.72854e-005
-9.89148e-005
-0.0137226
0.000257263
0.132643
-6.57199e-005
1.12865e-005
7.20726e-005
-0.00335922
0.000817882
0.0876445
8.59004e-005
1.32665e-005
8.71153e-005
-0.00326645
0.00156668
-0.0500444
-0.000190411
0.000189477
-3.72446e-005
-0.0720141
-0.0126051
-0.0586825
-5.24378e-005
-0.000105557
3.12592e-005
0.204761
-0.000219457
-0.0161462
5.72665e-005
-3.88743e-006
-0.000145315
-0.0503165
0.0987025
0.0150532
-0.000104948
-6.18212e-006
-8.94679e-005
-0.0168841
-0.199999
0.0650118
5.4072e-005
0.000164126
-0.000434906
0.0592151
-7.93912e-008
-0.0524726
-6.20338e-005
-8.18284e-005
-1.36179e-006
-0.0401095
-0.0327394
0.124817
1.69495e-006
0.000154086
-8.7091e-005
-0.000646185
-0.000872547
0.108717
3.61842e-005
2.0006e-005
-1.59399e-006
0.0653367
-2.74779e-005
-0.034752
3.98327e-005
0.000204331
8.39546e-005
0.0309097
-0.000161191
0.0550037
4.79053e-005
0.000155804
2.66595e-005
0.0915235
-0.000132257
0.0796214
0.000101207
-0.000217427
0.000334353
0.149977
0.000183658
-0.354137
-5.44317e-005
-0.000132531
-9.2441e-005
-0.110479
-0.0496168
-0.00468102
9.79506e-005
-0.00017621
3.76204e-005
-0.0475874
-0.000332625
-0.154517
2.0057e-005
0.000233328
-8.23108e-005
0.0118399
0.000114225
0.053849
0.000274413
-4.38119e-005
8.06908e-006
0.0965659
0.0918761
0.0106546
3.83736e-005
-0.000126248
-3.25505e-005
0.19779
-9.6801e-005
0.209565
-9.39525e-005
-6.50509e-005
-0.000179909
0.144969
0.000772859
0.0413722
-4.60005e-005
0.000514163
7.81652e-005
0.015482
3.13019e-005
0.0164434
4.55334e-005
-5.16228e-005
2.65483e-005
-0.0474639
-0.000281287
-0.0651462
6.38503e-005
-9.2539e-005
-9.25996e-005
-0.0253423
0.00120536
-0.0240425
-2.59804e-005
0.000106689
-7.26712e-006
0.0167683
0.061102
-0.00386137
-5.20857e-005
1.05519e-005
-1.85623e-005
0.0720195
0.00167563
-0.0825793
-1.43274e-005
9.5824e-005
0.000123661
-0.094003
-0.104743
0.075076
3.18025e-005
0.000337804
-2.67355e-006
0.00148334
-0.00422933
0.0954233
-4.67945e-005
-1.66862e-006
4.99705e-005
0.00768328
-0.0593593
0.021195
-1.19235e-006
5.1936e-005
-0.000220587
-0.0476705
-0.0305321
0.107361
8.75551e-005
-5.34743e-005
2.39617e-005
0.0280497
-9.37603e-008
0.115475
-6.6478e-005
-1.51155e-005
4.55454e-005
-0.0742127
-0.000649091
-0.0908213
2.68324e-005
2.88376e-006
0.000218372
-0.0298519
-3.66146e-005
-0.0613107
1.39396e-005
7.48153e-005
4.92824e-005
-0.0209229
0.000254762
0.0388399
-8.3847e-005
-5.10526e-006
-0.000149307
-0.157841
0.000608255
0.0161463
-4.29188e-005
-2.57206e-005
-4.68012e-005
-0.0260386
-0.000153503
-0.0142949
0.000467056
0.000259852
0.000286338
0.00583415
-0.0228092
0.0444079
4.09044e-005
-4.79527e-006
-7.82298e-005
0.0730264
-0.000468691
-0.379489
1.27193e-005
0.000110555
-3.84151e-005
0.00333023
-0.00850958
0.0171138
0.00019699
-0.000252397
8.88002e-005
0.00624377
7.40404e-005
-0.15379
4.45172e-005
-4.93665e-005
-0.000303539
-0.0628973
-0.000370707
-0.0448823
-7.11916e-005
-2.99837e-006
2.1226e-005
0.00588401
-0.000155294
0.0967426
-8.71733e-005
0.000128794
3.28217e-005
-0.000447505
0.00241161
0.128263
8.32082e-006
2.88508e-005
-5.1416e-005
-0.026364
-0.000156688
-0.154109
4.45602e-005
0.000138518
-9.16655e-005
0.0111589
0.0466391
0.00713107
-5.80035e-005
4.35834e-005
-8.49426e-005
-0.043596
0.000857151
0.034668
-2.60446e-005
0.00014718
-3.28148e-005
0.0519853
-4.87441e-006
0.107347
1.42421e-005
-0.000170885
-2.10534e-005
-0.0285057
-0.16514
0.0766063
-0.00015372
-0.000269168
0.000429336
-0.114319
0.00175094
-0.0247968
0.000220757
-0.000288181
-0.000158098
-0.23564
-0.000427119
0.160321
-0.000113676
0.000100967
-6.7917e-005
0.328022
-0.000461781
-0.151102
0.00010953
4.60991e-005
-4.91236e-005
-0.0545296
-0.0364371
-0.0837596
-0.000267465
3.90322e-005
0.000116898
0.0779505
-0.000497184
0.208437
2.61346e-006
-0.000159256
5.60354e-005
-0.0892876
0.0443616
-0.022127
-0.000309516
1.11998e-005
4.95434e-005
0.171442
-1.65693e-008
-0.138744
-3.29586e-005
-0.00025099
6.8631e-005
0.15635
0.000982629
-0.0406522
-2.20187e-007
8.78466e-005
2.9134e-005
0.0182918
8.76532e-005
0.0451753
2.59754e-005
3.52095e-005
-3.8819e-005
0.026168
-0.0168333
0.00234907
6.60841e-006
-0.000109812
9.36112e-006
-0.00542751
0.000754825
-0.082403
0.000120632
0.000136188
3.84368e-005
-0.0583519
3.34128e-005
-0.101225
2.52616e-005
5.94665e-005
-5.0316e-006
-0.452076
-0.118223
0.201235
5.46957e-005
5.49385e-005
8.68531e-006
0.00344375
0.0859514
-0.107502
-7.25506e-005
9.65069e-005
-0.000147832
-0.0526676
0.00616295
-0.01313
-8.65551e-005
-9.01216e-006
-0.000161225
-0.0959465
9.95878e-006
0.0239903
4.94864e-006
-0.000101867
5.62118e-005
-0.0102577
-0.000390538
0.0512545
-7.83787e-005
6.42345e-005
1.83815e-005
0.0703099
1.98496e-009
-0.00404137
9.55458e-005
0.000166136
-6.31872e-007
-0.214448
-0.000256334
-0.0119179
4.36373e-005
-2.88752e-005
-3.2751e-005
0.0309565
0.0020529
0.140218
-6.16048e-005
-1.00511e-006
5.46772e-006
0.0373309
4.59586e-005
-0.0702427
4.01123e-005
-6.29368e-005
0.000252406
0.22691
0.000472783
-0.0135126
2.6007e-005
0.00013835
8.32915e-005
0.0644222
-0.000546613
-0.0516792
-0.000210568
-0.000234312
-6.27184e-005
-0.0910983
-0.192097
-0.0111785
3.47825e-005
0.00014375
-2.76338e-005
0.022404
0.171991
-0.100713
-2.11813e-005
2.27557e-005
-3.95567e-005
-0.0904657
0.0353681
0.0701128
-2.59099e-005
-1.69354e-005
0.000127674
0.0917203
-0.00104426
0.00471105
-4.14533e-005
-6.21281e-005
-5.40887e-005
0.0113238
-0.0107377
-0.0320706
1.59198e-005
-4.29503e-005
2.61728e-005
-0.00761569
6.57669e-005
-0.155934
2.39718e-005
9.2183e-005
-0.000162824
-0.00140546
0.00174238
-0.0619185
-1.02535e-005
-8.44755e-005
-7.48252e-005
-0.00988007
-0.198646
0.0657884
1.68095e-005
0.000125035
-0.000215164
-0.0521401
9.45523e-005
-0.0323752
0.000154133
9.15609e-005
-1.04841e-005
0.144099
-0.273515
0.214047
-1.79256e-005
-4.61377e-005
-5.49248e-005
-0.0496644
0.000109385
-0.0242763
-5.26534e-005
-0.000131054
5.83441e-005
0.00842032
-0.00124527
-0.0635255
0.000145877
6.55027e-005
2.56419e-005
-0.0376878
0.0438801
0.0441354
0.000238492
0.000120865
8.10663e-005
0.0103978
-0.000227551
0.149638
-0.000284711
-1.01529e-005
-3.96458e-006
0.0217085
0.148258
0.180888
-0.00010927
0.000223629
-0.000151278
-0.21541
-0.0155551
-0.122683
-2.8017e-005
-7.83682e-005
2.00393e-005
-0.010513
0.000245617
-0.0338846
0.000175261
-5.87817e-005
-5.43147e-005
0.710458
-0.720793
-0.460397
-1.75707e-005
-9.38011e-006
-5.85061e-005
-0.108962
0.00288351
-0.106622
-2.43282e-005
-6.5914e-005
4.47702e-005
-0.0133401
0.0456057
0.0389879
2.13782e-005
-2.38023e-005
-2.12295e-005
-0.0177144
-0.41791
-0.269417
1.26316e-005
-9.54941e-005
6.71961e-005
-0.0230386
-0.000749111
0.159983
-3.71651e-005
-0.000288204
0.000111834
0.0439495
0.0012622
0.182641
3.90307e-005
0.000177171
9.51573e-005
-0.00657336
-3.12361e-007
0.00025927
-6.42087e-005
0.000164936
0.000137479
0.0418447
-9.53088e-005
-0.0755011
-1.83326e-005
-0.000156345
5.0647e-005
0.207905
-0.000327035
-0.20313
-6.14784e-005
-9.45428e-005
-7.50023e-005
0.102573
0.000406053
-0.132228
-0.000117047
3.28331e-005
5.21205e-005
-0.109172
0.000650313
-0.0346771
-0.000262904
-1.2734e-005
-9.0334e-006
-0.109513
0.0113392
-0.0343258
-2.06033e-005
-4.86025e-005
-2.48673e-005
-0.0974559
0.000554142
-0.116724
3.9161e-005
9.58506e-005
7.55277e-005
0.266373
-0.0400884
-0.127663
9.49216e-005
1.55392e-005
6.89405e-005
0.196973
0.00305226
-0.150985
5.71995e-005
6.26814e-005
-9.69574e-005
-0.0200746
0.00180533
0.0776141
1.60182e-005
4.71573e-006
1.10435e-005
-0.131829
-0.000111945
0.190475
-8.90699e-005
-0.000136421
0.000227676
-0.0344826
-0.00178286
-0.0433166
5.31812e-005
0.000111176
0.000219177
-0.036471
0.00205893
0.0583646
3.7319e-005
2.71949e-005
4.72959e-005
-0.0844942
-9.75818e-008
-0.127294
5.29513e-005
-1.84509e-005
9.25094e-005
-0.0921146
-0.0795859
-0.18033
1.01813e-005
-3.55725e-005
-7.01063e-005
-0.0148849
-0.0643063
-0.0366013
1.15613e-005
-0.000115928
-2.58188e-005
-0.182608
0.000668805
0.0233321
-0.000100176
6.11546e-005
-4.58889e-005
-0.0443326
-3.84603e-007
-0.150897
-9.08387e-005
-0.000110265
-5.78056e-005
0.135222
0.000816615
0.0194626
-3.12007e-005
4.97166e-005
-1.73739e-005
0.0442222
0.013902
0.136639
8.25523e-005
-3.10596e-005
-3.25454e-005
-0.00774153
-0.000738
0.0309637
-9.85441e-005
6.10222e-005
-8.0835e-005
-0.140239
-0.040033
0.0398544
0.000122914
6.3285e-005
-7.96832e-005
0.0434401
0.16466
-0.0279532
-0.000122717
-6.80988e-005
-9.05197e-005
0.276686
0.000799376
0.091284
5.66335e-005
1.45191e-005
-0.00025681
-0.0570839
-0.00102483
-0.0172826
4.2895e-005
7.69495e-005
6.14546e-005
0.0533875
-0.0006414
-0.0924512
0.000155939
-0.000154866
-0.000216899
0.094343
-0.0174614
-0.0403666
5.84207e-005
-8.55222e-005
7.11184e-005
-0.0954123
-1.82009e-009
-0.000341566
-0.00010367
4.1621e-006
-3.38912e-006
-0.0433029
-0.000210261
0.0692564
-5.26182e-005
-0.000172696
-4.56615e-005
-0.0111669
2.09607e-007
-0.0373421
-1.21691e-005
-8.14059e-005
-7.48566e-005
0.0123474
5.61822e-005
-0.103477
4.99382e-005
-1.6266e-005
6.1681e-005
-0.0128204
-0.000887876
-0.0112004
7.18031e-005
-0.000104871
-8.83399e-005
-0.130677
-0.000577626
0.129332
9.65591e-005
3.64936e-005
6.10739e-005
-0.160875
0.000100057
-0.127323
0.000120501
-0.000193041
0.000149213
0.0165745
0.0696771
0.0184173
-1.15226e-005
-0.000181497
-7.86734e-005
0.0304758
-0.00175467
0.0913877
-6.78239e-005
-3.40653e-005
-6.47083e-005
-0.0131547
-0.000162791
0.086699
5.93924e-006
2.8611e-005
1.59935e-005
0.170914
-0.210177
0.459772
5.2651e-005
-8.18479e-005
0.000104536
0.0213863
0.000112019
-0.0360357
0.000168429
-5.82585e-005
5.12877e-006
0.0657619
-0.0339202
-0.0394859
0.000163206
3.29507e-005
0.000119728
0.178666
-0.0263139
-0.0978412
-4.11935e-005
-7.09187e-006
-4.27337e-005
0.00347956
-0.0808249
0.0777839
1.86266e-005
-0.000132606
-9.11765e-005
-0.037325
0.0710444
-0.0886714
-2.18839e-005
-9.80641e-006
4.46076e-006
-0.062905
0.000503591
0.102261
-0.00013918
-0.000152768
7.20984e-005
-0.105072
-0.109021
0.0644755
-0.000156061
-4.24954e-005
9.29221e-005
-0.0106701
-0.000213013
0.106116
4.04137e-005
1.21188e-005
0.000107358
-0.0963514
0.00201779
-0.0467034
8.51946e-006
-9.78044e-005
6.0212e-005
-0.163882
0.000314603
0.0600277
-0.000104038
-0.000193224
1.67899e-005
-0.0051859
-0.00143127
0.0635247
-4.48663e-005
-2.17776e-006
-7.15376e-005
0.115019
-0.125311
-0.0580203
-3.87763e-005
-0.00010733
9.51905e-006
0.13726
-0.000116593
-0.145596
5.40593e-006
6.1101e-006
-1.60976e-005
-0.154992
-7.38463e-017
-0.314263
-2.66687e-006
-4.28967e-005
6.83553e-005
0.177698
-0.000957042
-0.133401
-0.000125576
2.88911e-005
-0.000179391
0.239757
-0.0243286
-0.0435926
1.7053e-006
-1.20388e-005
-4.90408e-005
0.0674534
0.000201229
0.0969152
5.91017e-005
-6.10833e-005
-0.000108506
-0.0380525
0.0486378
-0.0188378
-0.000254039
-0.000114724
0.000151725
0.00829189
0.0154425
-0.0215043
-0.000496439
2.59029e-005
-2.57692e-005
-0.00566015
-0.000413658
-0.134948
2.22209e-005
4.13121e-005
0.000124149
-0.00113262
0.000428381
-0.0571738
-5.52467e-005
-0.000118668
-0.000260302
-0.0594371
0.00021686
-0.0230625
-7.45093e-006
-1.45982e-005
2.35341e-005
-0.0815852
0.000626381
-0.066808
-7.19162e-005
0.000229929
-0.000210294
-0.0156405
4.85002e-005
0.0850062
-0.000198969
-6.51381e-005
3.15057e-005
0.108165
0.000351403
-0.207063
-0.000190803
8.84663e-006
-8.4359e-005
-0.0751661
-0.0952059
0.0545854
0.000194843
0.000163727
-3.68284e-005
-0.0525905
0.15311
0.269973
1.61616e-006
6.38215e-005
-5.02586e-005
0.0241656
-0.00744467
-0.000215255
1.49553e-005
3.51588e-005
-7.00117e-005
-0.0121318
-0.000557743
-0.0312362
0.000329336
0.00011256
-9.53608e-006
0.0102621
-0.0166835
0.135794
1.50965e-005
-9.27457e-007
1.42712e-005
-0.00369528
-5.08041e-010
0.00317109
1.42415e-005
-0.0001243
2.07049e-005
-0.182843
1.53776e-006
0.149781
3.45566e-005
0.000243539
4.55727e-005
0.0432944
0.000709743
-0.0242023
-0.000226899
0.000172869
7.16544e-005
0.0579008
0.000152147
0.105015
-9.81763e-005
-4.92038e-005
0.00012162
0.0824166
-0.0260707
-0.290375
0.000101034
3.82233e-005
-5.11842e-005
-0.00239465
-0.0230616
0.0228144
8.21532e-006
-8.73914e-005
0.000236366
0.129786
0.000831812
-0.00597483
0.000136165
7.61966e-005
-0.000141656
0.025074
-0.000503103
0.0927663
-5.02508e-005
-8.21083e-007
-6.049e-005
0.125412
2.93417e-005
-0.05575
0.000156643
0.000193983
0.000229235
0.0386532
-0.00153849
-0.026839
-0.000225869
-6.06384e-005
-5.3918e-005
0.0941196
-0.000212548
0.0535961
1.1413e-005
-1.10041e-005
-0.00012703
0.0423361
-0.000451314
-0.220737
1.25981e-005
2.65924e-005
6.02843e-005
0.0939103
-0.32983
-0.167276
-1.20168e-005
0.000114998
-0.000313062
0.184531
-0.00033816
0.0552171
-6.10945e-005
-0.000102792
2.35552e-005
0.0826433
-0.000207645
0.0208412
-3.80518e-005
-3.26328e-005
2.14706e-005
-0.0917107
0.000505565
-0.0580324
0.000305225
0.000352106
0.000196857
-0.00957669
0.135348
-0.161392
-4.99647e-005
2.44119e-005
0.000145478
0.0957447
-7.06121e-005
0.142603
-0.000119687
-1.90497e-005
-0.00022194
0.247005
-0.0709804
0.0261554
-2.53392e-005
8.68828e-006
2.18488e-005
0.103413
-0.146764
0.0952069
0.000253868
8.86411e-005
-0.000161848
-0.138606
-0.000790281
-0.0228646
3.05114e-005
7.7462e-005
5.8175e-005
0.0309194
-0.000306371
-0.053146
-2.70758e-005
6.96988e-005
8.98956e-005
-0.0374892
0.00086968
-0.0633537
-6.28515e-006
1.47207e-005
0.000156322
0.0535417
-0.00119294
-0.0827632
8.90047e-005
4.78334e-005
-0.000176102
-0.0264489
-0.000984214
0.0634561
9.68607e-005
2.43393e-005
2.38227e-005
0.0396181
0.00155405
0.121
-4.68745e-005
3.03893e-005
-5.45857e-005
-0.0124162
-0.0317961
0.0280346
5.00106e-005
-0.000119491
0.000213156
-0.0613748
0.000549384
-0.0127201
-5.64583e-006
-7.50919e-005
5.72944e-005
0.220663
0.000862563
0.00655586
-7.71319e-005
-0.000278644
2.0344e-005
0.106114
-0.0497374
-0.0498665
2.10298e-005
-6.94517e-005
-0.000202127
0.0727783
-0.000207126
0.086554
7.40172e-005
1.11826e-005
-4.21529e-005
-0.00477246
0.000257126
-0.0370923
9.682e-006
-8.47391e-005
0.000116121
0.0239251
-0.139887
0.0151837
4.76534e-005
0.000155675
-0.000128423
0.00831331
0.0112486
-0.0271062
-0.000215531
0.000135832
0.000139385
0.118636
0.0167986
0.110326
0.000230996
-0.000260502
-6.02979e-005
0.0711662
-0.000194409
0.00357844
-3.36707e-005
-5.97474e-005
-4.80756e-005
-0.00935668
0.000457693
0.266552
-3.61919e-005
4.29858e-005
-5.01474e-007
0.0341539
-3.63028e-005
-0.041313
8.26128e-005
7.37518e-005
1.92942e-005
0.0223324
4.87931e-007
0.0475728
2.5346e-005
5.12133e-005
-4.0444e-005
-0.0478695
0.000536453
0.0712936
-0.000189125
0.00015604
-5.39112e-005
-0.080185
0.000630155
-0.0733821
7.38867e-005
0.000116393
0.000222267
0.0406058
-0.0510673
-0.0171376
-0.000194623
-5.50917e-005
3.74085e-005
-0.0681253
0.0545312
-0.128797
7.07174e-006
-4.28926e-005
2.33811e-005
-0.0223917
0.00060868
0.0320354
-7.92483e-005
-5.35304e-005
0.000116633
0.0645522
-0.000577997
-0.0825577
5.93873e-005
-4.57937e-005
-0.000293888
0.0293987
4.77989e-005
0.0151187
-5.67312e-006
8.72525e-005
-1.29809e-005
-0.0132928
-0.0376768
0.0874281
-4.95396e-005
-1.66394e-005
-0.000158457
-0.0904008
-0.000353147
0.0194551
0.000189812
0.000148024
-0.000200312
-0.155652
0.000672596
0.0150279
-5.11672e-005
-0.000250562
0.000134788
0.105121
-0.000802805
0.140282
-0.000180702
-9.59345e-005
2.12615e-005
0.023924
0.00760858
-0.000990398
0.000207453
-2.8489e-005
-1.97654e-005
0.0139348
0.000629728
0.050868
0.00014917
0.000100779
-5.25091e-005
-0.0150605
-0.0248616
0.0952506
0.000231425
-1.91232e-005
4.4639e-005
0.150634
0.00056362
-0.0439353
-2.39837e-005
-1.70612e-005
-2.00916e-005
-0.0157084
-0.0116063
0.0921798
-0.000222888
-0.000224623
5.82045e-005
-0.0662902
0.00039276
0.0791362
-1.66191e-005
-0.000210893
-9.79365e-005
-0.0257374
2.00403e-007
0.0473063
0.000110899
-0.000118952
-9.22462e-005
0.0151355
0.00512444
-0.0214776
-0.000225624
4.25545e-005
3.28843e-006
0.000671406
-0.0582953
0.0927019
-9.51231e-005
-8.36575e-005
-4.9314e-005
-0.0988347
0.000342445
-0.0555885
8.88588e-006
9.21729e-006
6.43551e-005
-0.0347633
-0.000245128
0.0726716
-3.24133e-005
-2.58574e-005
2.52642e-005
-0.00246274
0.0236147
-0.0215845
3.47624e-005
3.56553e-005
-0.000257057
0.0405004
0.0232796
0.0914762
2.72465e-005
3.96374e-005
-3.45585e-005
0.254743
-0.000664192
0.0247031
-0.000113409
-0.000268433
-0.000144799
-0.141948
-0.190658
0.403182
8.07377e-006
-0.000153129
4.38782e-005
-0.0487236
0.000333995
0.223834
-2.24791e-005
2.44544e-005
-6.48792e-005
-0.0207836
0.000648558
0.108015
-0.000137481
7.1264e-005
-6.9432e-005
-0.0234602
0.000488341
-0.0349936
-1.57324e-005
-2.42545e-005
-2.59351e-005
-0.119446
-0.0798989
0.0846693
-2.24529e-005
-0.000126665
-0.000170957
-0.0226487
0.0195868
0.0812702
-6.77046e-005
0.000131459
2.92183e-005
0.0450501
-0.000721801
-0.0676139
-2.39095e-005
0.000120561
9.13958e-005
0.0749702
-0.000808254
0.0884372
-0.000114709
7.11557e-005
3.63185e-005
0.325187
-6.19058e-017
0.0943526
-7.23146e-005
0.000135453
-2.85654e-005
-0.0560131
-0.000276122
-0.0214548
1.25043e-005
0.00023701
-0.000147052
-0.00704166
5.6601e-009
0.161435
-8.04834e-005
5.46269e-005
-2.56804e-005
0.0265951
-0.000135648
0.0505442
-0.000216791
-2.21312e-005
6.14436e-005
-0.0655776
0.0120852
-0.0449202
7.61798e-005
3.38277e-005
7.29556e-005
-0.109616
-0.0170779
-0.0138744
-1.64968e-005
-3.29913e-005
2.44702e-005
0.0240367
-1.25951e-005
-0.0112162
-1.5012e-005
-1.64092e-005
-7.6916e-005
0.197489
-0.636105
0.0757098
0.000200707
1.11033e-005
-4.16073e-006
0.15107
0.0373453
-0.242231
-0.000189832
0.000126939
0.000413911
0.0136178
0.0591382
0.0469996
2.40373e-005
-3.71811e-005
-8.89115e-006
-0.0198219
-0.154368
-0.0318109
0.000205001
-2.68892e-005
-0.000347107
0.140137
0.0200121
-0.0131455
2.28805e-005
-4.56336e-005
-0.000311484
-0.0884854
-0.00861614
-0.164031
-0.000216163
-6.98488e-008
5.17117e-006
-0.0138388
-0.0239257
-0.0023629
-4.33052e-005
-1.14361e-005
-2.4918e-005
0.159981
-0.0288272
0.0198565
-4.41344e-005
-9.58491e-005
4.18586e-005
-0.0915624
-0.0673038
0.138646
3.11749e-005
-6.45126e-005
0.000210702
0.105202
0.16833
-0.161996
5.334e-005
0.000108368
1.7603e-005
0.293719
-0.378459
-0.203416
-9.87205e-005
-3.03083e-005
-0.000101778
0.0585448
-0.108002
-0.0187251
3.68804e-005
-4.20428e-007
-2.17831e-006
-0.00748207
-0.00247959
0.0268175
0.000203489
7.22305e-005
3.16672e-005
-0.154619
-0.160108
0.0392502
-4.69814e-005
1.16857e-005
-3.05866e-006
-0.124025
-0.916263
0.935837
2.62894e-005
-2.71784e-005
0.000155299
-0.110218
-0.0632522
-0.0386529
8.30186e-005
0.000139263
-2.01685e-005
0.04456
-0.189282
0.1355
-8.18765e-005
5.33585e-005
-1.9117e-005
-0.0523915
0.272236
-0.212289
-6.44411e-005
0.000110159
4.74172e-005
0.0939144
0.0177143
-0.155244
0.000155615
5.47543e-005
-0.000226539
0.0154535
0.0523801
-0.0282168
2.28223e-005
-4.09147e-005
3.80684e-005
0.155236
-0.408949
0.61499
3.89971e-005
6.51262e-006
1.9191e-006
-0.431342
-0.0232928
0.204307
-9.99856e-005
-5.54906e-005
0.0001178
0.0481174
0.0297789
-0.010863
2.81799e-006
8.77858e-005
6.13449e-005
0.116038
-0.028851
-0.0126148
-4.47373e-005
0.000187987
6.22672e-005
-0.177325
-0.0614461
-0.045861
5.82918e-005
0.000171341
-1.38056e-005
0.0948285
0.109758
0.375484
2.59827e-005
-1.38138e-005
-3.87312e-007
-0.162118
0.0542795
-0.00302224
-0.000153333
0.000116953
7.0218e-006
-0.0185244
0.0401385
-0.11747
-2.23863e-005
-0.000215221
4.65405e-005
0.0130251
-0.245014
0.0366671
0.000132991
2.21561e-005
-1.47681e-005
-0.0544368
0.000554984
-0.0288927
-4.6062e-005
-3.08603e-005
-2.07313e-005
0.0904074
-0.0338657
-0.11777
-3.75447e-005
-8.80657e-005
-0.000143331
-0.30512
-0.339232
-0.0538463
2.17168e-005
0.000100609
-5.00935e-006
-0.172565
-0.0817461
0.0997164
0.000304436
-8.65385e-005
-2.41519e-005
0.544157
-0.0686497
-0.116891
0.00018036
-0.000108623
-2.93616e-005
0.00187946
-0.0279298
0.0269087
-5.7619e-007
6.58915e-006
1.90332e-005
0.218473
-0.245915
0.0820181
5.82723e-007
-1.54138e-005
4.78615e-005
0.636334
-0.671824
-0.0514603
-8.57266e-006
5.01388e-005
-6.8883e-005
0.275025
0.233521
0.111792
-8.81213e-006
8.43132e-006
-5.46439e-006
0.0058153
-0.0531184
0.0480758
4.75574e-005
2.50912e-005
0.00036278
-0.0198272
0.0710971
0.405855
-6.04681e-005
5.50508e-005
-1.95718e-005
-0.231452
-0.475223
0.270218
1.93845e-005
-8.17445e-005
5.41228e-005
-0.119579
0.0142942
-0.00239157
-3.29992e-005
-6.57288e-006
-0.000163168
-0.34605
0.0431555
0.084805
0.000121982
0.000149635
0.000115479
0.188946
-0.0099917
0.0439087
-7.03653e-006
2.11229e-005
-0.000150525
0.430375
-0.232388
-0.0467763
0.000143198
-2.58459e-006
7.02486e-006
0.316956
-0.576588
0.171013
-1.58357e-006
-3.0252e-006
-6.44504e-005
-0.126312
-0.201561
-0.149147
-9.23201e-005
7.70646e-005
6.50068e-005
0.0310361
-0.0152729
0.0852555
-3.09181e-005
-2.29611e-005
6.72704e-005
0.00582257
-0.0305009
-0.00450547
-0.000176833
-4.31696e-005
-0.000234934
0.0329228
-0.084151
-0.105295
0.000281181
-0.000208577
-0.000186459
0.0344117
0.0372959
0.10167
5.06695e-006
3.10342e-005
2.76235e-005
0.0261801
0.0329599
0.0903771
0.000141724
8.81402e-006
-7.56654e-005
-0.000714426
-0.0657306
-0.125628
-1.36602e-005
-3.37972e-005
-0.000127638
-0.076107
0.0121539
-0.154021
1.00101e-006
-3.34155e-005
-3.3774e-005
0.166412
0.0719314
-0.253915
6.96636e-007
-6.17891e-005
9.49731e-005
0.132761
-0.0869423
0.130692
-0.00024126
5.50769e-005
-6.12767e-005
-0.244148
-0.109895
-0.28875
-2.10024e-005
1.29426e-005
-1.68935e-005
0.0154877
0.0104915
-0.0223853
7.68989e-006
-2.04372e-006
-1.62491e-005
0.0089709
-1.51943e-005
-0.155831
-9.79856e-006
-3.93447e-005
0.000279959
0.0634319
-0.0379125
0.0500668
-0.000132512
0.000117452
7.78354e-005
-0.16321
0.0206175
0.181584
6.22067e-005
-1.10805e-005
0.000165864
-0.0546275
0.0542669
0.0300179
8.96151e-005
4.05228e-005
0.000174928
0.17998
-0.14403
0.219493
3.19128e-005
4.34291e-005
0.000101068
0.0149902
-0.16947
0.321668
1.88285e-005
-0.000242281
0.000290287
0.403479
-0.0689691
0.160292
-4.55613e-005
-9.27517e-005
-8.66006e-005
0.167214
-0.0067191
-0.245252
-3.39873e-005
-3.95255e-005
0.00012484
0.0141781
-0.0524523
0.0334717
1.27271e-005
-1.56734e-005
0.000274334
-0.00070219
-0.125672
-0.0327056
5.57821e-006
-5.47369e-005
6.01021e-005
0.0238629
-0.0287538
0.0313669
-4.24078e-006
-1.33104e-005
-8.56969e-005
-0.257582
0.0583001
0.0507097
-1.04452e-005
-6.50152e-005
7.62318e-005
-0.088317
-0.170254
-0.389828
0.000353787
0.000223522
5.79261e-006
0.0058118
0.111542
0.0750741
-9.76168e-005
6.01554e-005
5.8301e-005
0.297211
-0.191859
0.0819828
-1.27822e-005
-0.000109715
-2.61961e-005
-0.0186672
-0.158524
-0.126421
1.03193e-005
2.53514e-005
1.70098e-005
0.015322
-0.0236913
0.0109584
0.000183657
7.07785e-005
0.000168421
-0.0906129
0.136166
-0.299636
9.9871e-005
-1.78231e-005
0.000122479
0.0343018
-0.0604324
0.490272
0.000139911
-4.10065e-005
5.13007e-006
-0.106135
0.0252148
-0.187952
8.12399e-005
-3.60546e-006
-0.000133564
-0.064213
-0.0369449
-0.0712905
3.96654e-005
-1.24625e-005
-6.22585e-006
-0.0338374
0.0279285
-0.0453006
5.60586e-005
-8.16687e-005
0.00032115
-0.0361097
0.0432388
0.202518
3.81141e-005
6.68875e-005
-1.06686e-005
0.289598
-0.0617819
0.179422
2.79496e-005
-1.32937e-005
0.000104507
0.121091
0.104975
-0.0622015
0.000100541
1.82505e-005
9.47904e-005
-0.19992
-0.126395
-0.180391
-3.30225e-005
-1.25285e-005
-4.2402e-005
0.000400157
-0.0397265
0.112583
0.000500224
-7.48964e-005
2.82291e-005
0.29742
-0.192094
-0.102523
-4.92177e-006
-0.000117046
-5.1184e-005
0.00808594
-0.100178
0.0887505
-2.69693e-005
5.62592e-006
2.86867e-007
0.0429536
-0.218371
-0.101674
-4.20855e-005
-7.76815e-005
-9.04746e-005
-0.200523
-0.2036
-0.0851769
0.000174953
1.91762e-005
8.93759e-005
0.212647
-0.029189
0.0483671
-5.94666e-005
4.4932e-005
4.63963e-005
-0.0240867
-0.227789
0.0168994
9.85186e-005
-0.000105911
-3.83532e-005
-0.0288193
-0.00324465
-0.0186247
1.20617e-005
-0.000214963
-3.53333e-005
-0.31255
-0.0303699
0.0712017
-9.71708e-005
1.28932e-005
-1.54346e-005
0.041653
0.0107833
-0.0182031
-3.96399e-005
-4.90887e-005
0.00018735
-0.14038
-0.374116
-0.379471
3.51499e-007
-2.4389e-005
7.81707e-005
-0.165036
-0.151597
0.135272
3.20958e-005
6.14123e-005
-0.000158858
-0.215669
-0.0286589
-0.0345066
0.00011502
-0.000140159
-9.10117e-006
0.0725745
0.0193531
0.0572054
1.95358e-006
-7.84096e-005
-2.00881e-005
0.0100675
0.0859323
0.0425065
-3.28924e-005
1.00411e-005
5.31047e-005
-0.000334948
-0.000747683
0.0761028
-0.00029767
-6.24996e-005
2.03493e-005
0.367866
0.136624
-0.0476339
-4.68227e-005
-1.88088e-005
2.08774e-005
-0.087318
0.0116555
-0.0362461
-6.46524e-005
-0.000215947
-0.000242274
0.110083
-0.0685164
-0.0489507
-4.09321e-005
8.27009e-005
3.97452e-005
-0.0831491
-0.0311763
0.209453
-3.25188e-006
3.53934e-006
1.04708e-005
0.0595849
0.0105352
-0.0266664
5.05876e-005
5.71631e-005
-0.000123913
0.435398
0.00428012
0.207355
6.77002e-005
-1.83263e-005
-1.91825e-005
0.00410905
-0.0186625
-0.0496198
5.85442e-005
-2.16602e-005
4.7107e-005
0.371195
0.0286876
-0.121881
-3.03751e-005
-3.05095e-005
7.49795e-005
0.0477104
-0.178708
0.0111651
-8.06599e-005
6.21462e-005
4.96969e-006
0.0565071
-0.169375
-0.0533586
-0.000289244
-4.8453e-006
-5.36595e-006
0.149345
-0.18003
-0.150352
1.4845e-005
1.20875e-005
4.69126e-005
-0.0300012
0.0685513
-0.0545746
0.000440816
0.000122011
-8.60476e-005
0.0352513
-0.0078052
0.0292681
-7.24001e-005
-5.50202e-007
2.40163e-005
0.0154161
0.0828239
-0.0455228
2.83607e-006
1.91407e-005
3.97616e-005
-0.0739894
-0.0124896
0.0683165
-6.05479e-005
1.83579e-005
3.00337e-005
-0.18034
-0.0420983
-0.040753
-0.000201048
-6.2677e-005
-6.17295e-005
0.0437522
0.00110126
-0.0219572
0.000101382
3.16092e-005
1.57991e-005
0.24264
-0.0400294
-0.0972754
1.52022e-005
1.3902e-005
0.000134928
0.134749
0.125172
0.000869588
-0.000140327
6.03196e-006
9.43927e-005
0.113948
0.066338
0.104495
1.21588e-006
3.24983e-006
0.000163061
-0.178003
-0.25426
0.170323
-7.46592e-005
-7.4791e-005
0.000129252
-0.101826
-0.0207143
-0.0161943
-0.000129602
2.8043e-005
-3.10042e-005
-0.118794
-0.0895095
0.0135757
-1.06279e-006
0.000114906
-3.15975e-005
-0.135055
0.0537708
0.133073
3.68283e-005
-4.8864e-005
2.39197e-005
0.0639727
0.00483388
-0.111117
-6.1403e-005
0.00016302
2.13778e-008
-0.124198
-0.0926144
-0.105286
-1.05015e-005
2.71721e-005
-6.18564e-005
0.0264855
0.0825591
0.0240677
-2.12331e-005
-3.63676e-005
0.000306231
0.089445
0.0494594
0.0211403
0.000117924
4.32638e-007
2.31781e-005
0.0477713
-0.108863
0.233271
-3.19373e-005
5.81521e-005
-7.64127e-005
0.0195719
-0.0049371
0.020573
-0.000136623
-6.57183e-005
-0.000417761
0.178224
-0.299557
0.108943
-7.80455e-006
-1.10554e-005
0.000167715
0.08911
-0.111354
4.56656e-005
4.22663e-005
-1.01238e-005
4.75579e-005
-0.00978906
-0.0461365
-0.00217768
-7.08758e-005
1.82263e-005
6.65137e-006
0.25239
0.0663912
-0.150758
-1.75424e-005
-2.30622e-005
-1.56205e-005
0.327015
-0.125189
0.126254
1.54368e-006
-4.43252e-005
-2.09539e-005
-0.399542
-0.187088
-0.489821
-0.000124398
0.000110951
-4.07567e-007
0.0292906
-0.0335847
-0.000257049
8.91598e-006
5.83895e-005
-1.45182e-005
-0.00944699
0.120828
0.0916236
1.44319e-005
-8.67078e-005
1.25011e-006
0.419106
-0.238293
0.0465092
4.63998e-005
4.80841e-005
0.000131177
-0.000536918
-0.00145887
-0.0934509
-2.13638e-005
7.64728e-005
1.08898e-005
-0.0529798
0.0802963
-0.0103717
-1.60822e-005
-1.37716e-005
0.000272339
0.242808
0.00635825
0.00342969
-4.81039e-005
-6.88768e-005
7.90044e-005
0.109096
-0.0622689
-0.327619
6.94691e-005
-1.21986e-005
8.20886e-005
-0.0272081
0.101553
0.0453187
-4.5123e-005
-0.000115355
-1.72633e-005
0.27322
0.0152118
0.0260694
2.5372e-005
-4.62615e-005
-2.66568e-005
-0.0312449
-0.0492515
-0.172275
6.46129e-006
2.53975e-005
0.000103484
-0.224375
-0.121668
-0.511037
-6.40676e-005
-5.87804e-005
1.15466e-005
0.18023
-0.0620974
0.325223
3.7896e-005
8.98629e-005
7.55745e-005
0.0446412
-0.0257084
0.270661
0.000174474
0.000142253
5.87123e-005
-0.0705541
-0.0506209
0.193909
0.000101923
4.04679e-005
-7.07196e-005
-0.0615515
-0.0143645
-0.153416
5.62351e-005
5.39612e-005
6.95836e-005
0.574883
-0.398028
-0.055004
-1.46114e-005
1.65612e-005
-3.46629e-005
-0.0858162
0.021605
-0.0119722
-1.73377e-005
-1.06214e-005
-6.80167e-006
0.12797
0.0682037
0.123834
-1.90653e-005
5.58736e-005
-1.97738e-005
-0.113223
-0.092076
-0.170514
-4.40062e-005
-9.99518e-005
6.44419e-005
-0.569534
-0.277782
0.973779
-4.14903e-005
8.18858e-006
2.47607e-005
-0.0582082
0.057234
-0.139728
0.000105135
0.00016174
7.10271e-005
0.0123023
0.0634997
-0.00247439
2.28545e-005
5.97149e-005
4.33794e-005
0.0670308
-0.0226173
0.0290614
0.000224737
-7.05835e-005
-0.000202485
0.0301507
-0.0591979
0.0707275
6.23823e-005
-0.000111398
5.99139e-005
0.0982337
-0.0612651
0.00367934
-4.54183e-005
9.00344e-005
1.09865e-005
0.0807007
-0.0613627
-0.0562674
-7.68737e-005
0.000106438
-0.000127371
-0.0711281
-0.0323895
-0.109025
1.37827e-005
-4.08051e-006
7.25041e-005
0.115657
-0.141189
0.0197609
6.8635e-006
1.97767e-006
-2.53635e-005
0.208692
-0.122562
0.0105112
6.95311e-005
7.46477e-006
-4.38008e-005
-0.0905127
-0.0025102
-0.0621336
7.21842e-005
-0.000287545
-0.000150967
-0.139529
0.052608
0.433017
-7.56998e-007
-1.92193e-005
2.7239e-005
-0.117897
0.0320442
-0.000659776
0.000144619
4.80549e-005
-4.5383e-005
0.194388
-0.584382
0.56021
4.51537e-005
3.36107e-005
-6.1486e-006
-0.0389472
0.096503
-0.0990776
-0.00027668
0.00016622
-2.34136e-005
0.0509541
-0.178439
-0.210102
-7.31521e-005
-5.82399e-005
3.66669e-005
-0.122798
-0.0147764
-0.248897
-2.2956e-005
-2.97387e-005
-1.52366e-005
0.0833403
-0.0618324
0.0310477
-5.82525e-005
-4.37665e-005
7.09707e-005
-0.0294185
-0.0458751
0.0169567
-3.85275e-005
-1.63212e-005
-0.000150293
-0.00231238
-0.244683
0.0100466
-3.63627e-005
6.39249e-005
-0.000201529
-0.135415
-0.0666024
0.0233376
0.000351038
5.107e-005
-1.76038e-005
0.122275
-0.0176964
-0.0622133
7.03546e-005
5.58689e-005
0.000106894
0.00375298
0.0170532
0.0853512
4.26352e-005
-5.14602e-005
-0.000126299
0.292404
-0.649496
0.276537
-0.000196468
-4.40426e-006
-2.10796e-005
-0.202669
-0.235986
0.0369309
1.73472e-005
-6.23127e-006
2.38169e-005
0.127824
-0.0312808
0.0837474
-9.92798e-005
0.000121742
6.41579e-005
-0.375827
-0.236365
0.156754
3.09713e-005
-8.82211e-005
-0.000243967
0.042271
0.0718903
0.165719
-5.48786e-005
1.6579e-005
-5.23966e-005
0.0590937
-0.0336245
-0.0883594
-6.14717e-005
0.000166744
0.000254003
0.15718
-0.00431017
-0.0545558
-0.000142645
3.98494e-005
-0.00017456
-0.186156
-0.306407
-0.171101
3.17041e-005
-2.74498e-005
-7.84099e-005
-0.232039
-0.118495
0.108944
-0.000248256
0.000132052
-0.000196431
-0.405385
-0.158716
-0.241829
-4.32532e-005
-1.49948e-005
-5.75506e-005
-0.242822
-0.0752395
-0.0079861
6.25378e-005
-0.000235657
1.30095e-005
0.111526
-0.0720018
0.0427917
-2.01195e-007
-2.90364e-005
7.32656e-006
-0.334469
-0.190241
0.196939
0.00010615
0.000110593
5.28725e-005
-0.0315279
-0.0181796
-0.151644
-1.04671e-005
5.72166e-005
7.47906e-005
-0.00700368
-0.225381
0.055531
-7.94784e-006
0.000148313
-0.000108136
0.01165
0.00011895
0.160694
-0.000247106
-0.00015124
2.24524e-005
0.999845
-0.572724
0.195319
-9.8534e-006
1.45618e-005
4.0432e-005
1.53008e-005
-0.00739311
-0.00861785
-2.93004e-005
1.84459e-005
-3.53755e-005
0.224095
-0.033204
0.178461
1.57373e-005
1.77467e-005
2.48053e-005
-0.0534086
-0.000133032
-0.0258416
-0.000187145
-9.45439e-005
6.38326e-005
-0.172949
-0.128307
-0.120292
2.0657e-006
6.04942e-005
9.67534e-005
0.886144
-0.395635
-0.713623
9.19945e-005
-0.000108602
-0.000205223
-0.12063
0.063925
0.165385
-6.1467e-005
-2.41642e-006
3.66308e-005
-0.232806
-0.0859376
-0.114491
1.79901e-005
3.79964e-005
-6.81472e-005
0.0208745
0.0032929
0.102849
-1.55628e-005
0.000104643
4.87765e-006
-0.112035
0.0298342
0.044283
-0.00015355
-4.09914e-006
-8.97516e-006
-0.0821925
-0.10705
0.0425213
0.000107158
-3.98078e-005
-6.81862e-005
-0.102747
-0.0940719
-0.190159
1.71826e-005
-7.72173e-005
0.000105884
-0.153545
-0.0181844
0.085855
3.3436e-005
-9.42878e-005
2.59409e-005
-0.66907
-0.339192
-0.169887
6.29822e-005
8.94902e-006
-2.05156e-005
0.0147069
-0.00289827
0.0383584
-0.000146293
-2.18164e-005
-7.28256e-005
0.0729415
-0.0120534
-0.0528143
-4.75179e-005
-5.43207e-006
6.94199e-005
-0.0907622
-0.146582
0.323857
-0.000208237
1.4922e-005
-5.6531e-005
0.715391
-0.238292
-0.0125555
4.38072e-005
2.36106e-005
-2.78158e-005
-0.205764
0.0179381
-0.568368
-4.77985e-005
5.78271e-006
4.02176e-005
-0.123739
0.10896
-0.0978288
-3.79675e-005
2.27382e-005
-0.000124173
-0.0993668
-0.11382
-0.126279
7.16596e-005
5.35459e-005
9.09106e-005
0.000264375
0.108737
0.0645899
-7.48372e-005
-8.28283e-006
3.42153e-005
0.0669883
-0.049865
-0.000482031
-3.78147e-005
-9.47008e-005
-3.46518e-005
0.152055
-0.0418181
-0.1751
6.37538e-005
2.48427e-005
7.6589e-006
0.0830864
-0.00710285
-0.0753796
0.000142422
4.27732e-005
1.08591e-005
0.579183
-0.26768
0.861317
2.25324e-005
2.05753e-005
5.36557e-005
-0.871359
-0.325611
-0.106179
5.25826e-005
-3.77707e-006
-0.000112917
0.335551
0.159798
-0.108032
-1.02131e-005
4.52392e-005
-4.72398e-006
-0.010437
0.00755961
0.0878228
-2.18393e-005
6.31272e-006
-2.08598e-005
0.224194
-0.162646
-0.0987867
4.37947e-006
2.62561e-005
-7.73008e-005
-0.0136641
0.0334785
0.0831327
-4.89792e-005
1.84618e-006
8.53029e-006
-0.186428
-0.248097
0.127126
-3.36696e-005
4.8529e-005
-4.57679e-005
0.460755
-0.258802
0.236478
-5.74686e-005
-3.47243e-005
-0.000117729
0.0240756
0.0763347
0.0271063
0.000193724
-0.000128608
0.000202557
0.294051
-0.73408
-0.0137309
8.42636e-005
2.09664e-005
9.51287e-006
0.193874
0.136083
-0.232987
8.92876e-005
-3.60697e-005
4.19967e-005
0.100068
0.00063088
-0.0618244
2.06204e-005
8.82436e-006
-7.33663e-006
-0.205016
-0.0803617
0.201275
6.30114e-005
-1.48899e-005
2.36338e-005
-0.10027
0.0867249
0.20234
1.18174e-005
8.7259e-005
-6.5692e-005
0.113613
0.027039
0.092322
0.000101134
4.53902e-005
0.00031432
0.188639
0.082242
0.234403
7.0576e-005
-7.831e-005
-0.000113929
0.156297
-0.242288
-0.211728
-9.26016e-005
1.48861e-005
2.28412e-005
-0.027862
-0.0899908
-0.0979579
-6.44878e-005
-2.71257e-005
0.000144243
-0.0143539
-0.241262
0.186219
-6.1905e-005
-0.000145198
-2.90515e-005
-0.026936
-0.124309
-0.0341413
6.91704e-005
-0.000105967
3.78417e-005
0.15142
-0.0336805
-0.120186
-9.75542e-005
-6.16521e-006
-7.22709e-006
-0.0533694
0.0962669
0.156263
6.40151e-005
3.20349e-005
-7.51878e-006
-0.0150925
-0.09243
-0.0522539
-5.22881e-005
0.00018242
0.000162246
-0.0433384
-0.277005
-0.0510922
-4.36629e-005
-6.18376e-005
4.67182e-005
0.00358357
-0.0096555
0.0042411
-5.11598e-005
2.36414e-005
-2.96454e-005
0.0563424
-0.0702788
0.209796
1.23755e-006
2.95049e-005
-7.95928e-005
1.12654
-0.850839
-0.502341
-4.92534e-006
-4.58689e-006
-0.000135008
0.110831
-0.443348
-0.240961
-4.59139e-005
3.50079e-005
-2.26983e-006
-0.075149
-0.0348333
-0.0172945
-3.17269e-005
-4.48714e-005
-1.86998e-005
-0.288082
-0.102329
0.0748705
9.17011e-005
0.000122544
-5.01345e-006
0.233123
-0.0554872
0.0325609
-1.92997e-005
0.000123556
-6.71581e-005
0.308839
-0.209046
0.166276
3.87725e-005
0.000135732
2.02348e-005
0.0353229
-0.105471
0.161664
7.20913e-005
-8.67754e-005
-0.000107816
-0.0507596
0.0798714
-0.135668
3.36952e-005
-1.8824e-005
-0.000172069
-0.00959643
-0.0275965
0.140937
-0.000139849
0.00016907
8.87498e-005
-0.0651506
0.0564385
0.0318478
-3.81451e-005
-4.03787e-005
-0.000138933
-0.184489
-0.091683
-0.097655
-0.000269268
0.000247599
0.000230204
0.0755505
-0.00232868
0.0440525
-4.13325e-005
8.93188e-005
9.27182e-007
0.0621096
0.18187
0.0326693
5.75719e-005
-0.000181013
-0.000214349
-0.508792
-0.886428
-0.679408
-2.96962e-005
-4.86989e-005
0.000178379
-0.0360141
-0.0492249
-0.244847
3.50602e-005
-1.66211e-005
7.94535e-006
-0.0918806
-0.134613
-0.130317
6.34447e-005
0.000126659
1.75358e-005
-0.114765
-0.069669
-0.130568
-0.000264772
-0.000100868
4.23445e-005
0.0169432
0.000223768
0.0521585
-1.91802e-005
0.000118471
-5.99304e-005
0.305402
0.00750784
-0.159172
3.36233e-005
-0.000108128
-8.57639e-005
-0.067468
0.00851949
-0.0617477
-0.000166547
8.48684e-005
-0.000160045
0.179993
-0.406554
-0.20508
-1.83628e-006
-4.52206e-005
1.60856e-005
-0.114717
-0.121634
-0.0461882
8.07474e-005
1.9306e-005
6.71338e-005
-0.45011
-0.257988
-1.84814
5.786e-005
8.56026e-005
3.57948e-005
0.0318585
-0.0566907
0.100575
6.4571e-005
2.56613e-005
-1.91166e-005
0.0980853
0.044438
-0.36024
0.000111204
3.70762e-005
-0.00013435
-0.149247
-0.0269137
0.0767609
-6.00976e-006
0.000142934
1.6032e-005
-0.0497157
-0.0154407
-0.0420588
9.57653e-005
-9.83041e-006
-3.50221e-005
0.0170369
-0.00034618
-0.000828199
7.8435e-005
4.70354e-005
0.000174461
-0.166234
0.0410552
-0.0811299
-2.75639e-005
1.22448e-006
-8.24445e-006
0.569304
-0.0272574
-0.211729
0.000214884
-6.20437e-005
0.000345883
0.0594599
0.114354
0.10029
5.26789e-005
0.000134969
5.02392e-005
-0.145763
-0.214925
-0.059383
6.33821e-006
2.34969e-005
-0.000275881
0.284942
0.0466774
0.0172764
-3.33072e-006
3.80735e-006
-5.8563e-005
-0.0935428
-0.00440997
-0.158303
-6.90999e-006
7.14043e-005
-2.60899e-005
-0.225135
-0.111275
-0.241405
0.000177069
-3.11816e-006
1.39656e-005
-0.0486897
0.030718
0.0931118
-2.98436e-005
6.20412e-005
-3.06666e-005
0.192454
0.00501383
0.0600894
-1.26834e-005
-4.18902e-005
-8.05348e-005
-0.10884
0.0825158
0.140951
-0.000186964
-7.00347e-005
6.72666e-005
-0.0287659
0.00162188
-0.014708
-3.12791e-005
5.3664e-005
-5.04374e-005
-0.144306
-0.0752012
0.0120408
3.39187e-005
-0.000101076
0.00010629
0.078465
0.0850439
-0.169379
-7.5066e-006
8.77965e-006
5.74943e-006
-0.00435708
-0.00319562
-0.0178386
6.43073e-005
-4.68639e-005
-7.01118e-005
-0.0941001
0.0178779
-0.16029
9.83005e-005
0.000124649
2.70865e-005
0.170915
-0.125527
0.0181415
0.000170425
-5.10282e-005
-2.82882e-005
0.260082
-0.279798
0.113194
0.000101637
-8.07177e-005
2.7278e-005
0.219431
-0.0184806
0.0376852
-0.000153083
-4.77762e-005
0.000147693
0.0465285
-0.192633
0.519713
-0.000111772
5.75679e-005
-0.000193396
-0.0101007
-0.0874872
0.118462
-4.38587e-005
5.12471e-006
-3.17311e-005
-0.101086
0.107029
0.361569
0.000129717
1.3522e-005
3.16223e-005
0.161987
-0.388926
-0.0761263
-9.16252e-005
0.000135454
-2.50953e-005
0.0936207
0.000581851
-0.0380974
3.86606e-005
-0.000100463
1.36875e-005
-0.0963745
0.0241058
-0.0261366
-3.29108e-005
2.52728e-006
3.71072e-005
0.123333
-0.00354516
-0.049731
-0.000123078
-7.99296e-005
-1.65613e-005
0.0279211
-0.045123
0.364036
0.000105969
-4.89852e-005
9.0861e-005
-0.151419
0.042137
-0.161966
-0.000191574
-0.000192331
-0.000128764
0.156171
0.0437885
0.0819375
-5.05811e-005
-1.53085e-005
5.22137e-005
0.0786416
-0.0392466
-0.0733534
5.76312e-006
-0.000107198
1.38356e-005
0.0200437
0.233973
0.282055
0.000103301
-5.978e-005
0.000144459
-0.237215
-0.40443
-0.365383
7.60357e-006
4.47392e-005
-1.61022e-005
0.299235
0.0161168
-0.013993
-7.76712e-005
4.94796e-005
0.000116607
0.309369
-0.250009
-0.0328928
1.13243e-005
-3.26972e-005
6.88324e-005
0.0873241
-0.029396
0.06361
-9.69746e-007
-0.000148597
-0.000379629
0.198002
-0.15163
0.0976071
5.57551e-005
-1.63902e-005
-1.4783e-005
0.00650416
0.0122054
0.0845217
-0.00012452
-8.40775e-006
-9.51542e-006
-0.145418
-0.118057
-0.179648
9.01247e-006
3.46979e-005
-0.000110978
-0.0549781
0.0462146
-0.315354
3.83879e-005
-0.000208416
-7.34334e-006
0.268696
-0.0272874
-0.128345
0.000106171
4.9522e-006
-5.83269e-006
-0.10704
0.116077
0.0746001
0.000108895
-3.59632e-005
-5.5369e-006
0.0996267
-0.215898
0.142034
1.27332e-005
-0.000101661
0.000153602
-0.0149453
-0.317431
0.303791
0.000133106
0.000123776
-0.000116124
0.085582
-0.0952633
0.0170671
-1.30576e-005
5.08443e-005
0.000113237
-0.932137
-1.24899
0.415711
0.000161273
-2.57879e-006
-0.000124439
0.0159239
-0.0605425
-0.143957
-5.78707e-006
-5.71013e-006
0.000141258
0.0738155
-0.142942
0.0391609
-2.54189e-005
5.86594e-005
2.74749e-005
0.0851147
0.0725368
-0.0401007
1.01808e-005
-1.75852e-005
5.51098e-005
-0.149422
0.0596881
-0.0027446
-0.000321831
0.000148193
1.15885e-005
0.280934
0.26689
-0.0892394
-1.6472e-005
2.14283e-005
-3.46345e-005
0.000236296
0.039937
-0.245825
0.000352702
-3.37136e-005
-2.32336e-005
-0.0487049
-0.0725367
-0.0972719
-0.000134102
-8.56202e-005
1.91073e-005
0.128015
-0.0614328
0.0962944
-0.000249912
0.000104018
1.35447e-005
0.0542471
-0.243011
-0.119201
-5.6164e-006
1.63587e-006
-2.82099e-005
0.214205
-0.00393233
0.00906113
-5.44037e-005
2.71266e-005
0.000123
-0.125952
0.0583651
0.110702
7.86754e-005
-1.64994e-005
2.39506e-005
0.0176632
0.00149433
0.0766711
4.13176e-006
-3.90443e-005
-2.81737e-005
0.057059
0.0120716
-0.021898
-0.000192024
-1.86325e-005
-2.31147e-005
-0.0185837
-0.024193
0.128815
3.99984e-005
2.83401e-005
-7.07414e-005
0.00145753
-0.0190383
0.0751616
-2.37839e-005
-3.37739e-006
-4.50623e-005
0.0511279
0.0740415
0.000118318
-8.72661e-005
-5.0801e-005
3.29352e-005
0.0250769
0.0191565
-0.0078778
-5.47344e-005
-7.47637e-005
9.24113e-005
-0.856559
-1.03094
-0.573964
-9.82497e-005
-1.74618e-006
0.000114909
-0.244255
-0.0542833
-0.00749974
1.85076e-005
7.40927e-005
0.000203207
-0.00643593
-0.0500515
0.0358128
-5.67595e-005
-3.56313e-005
-0.000160022
0.157256
0.264464
-0.093702
-5.49028e-005
-1.79421e-005
-0.000154997
-0.0441974
0.0222968
-0.0150146
-6.16855e-005
3.41502e-005
-2.01978e-006
0.0247718
0.0206403
0.00394103
5.29015e-005
-0.000167021
4.48157e-005
-0.0421274
0.00240586
-0.0313108
-0.000129027
0.000100839
-3.02655e-005
0.0827463
-0.133782
0.129807
1.08366e-005
3.01565e-005
0.00011912
0.0698899
-0.0941173
0.0569884
-0.000214917
3.3435e-005
0.000270008
0.02379
-0.098036
-0.0198511
7.22772e-006
3.47318e-005
-4.55847e-005
0.0290001
0.0559821
0.138019
-7.11732e-006
-1.71102e-005
1.50003e-005
-0.0197118
-0.180642
0.0967833
7.49961e-005
6.92923e-005
9.19696e-005
0.136468
-0.21578
-0.0396048
7.17627e-005
-1.84366e-005
0.000124398
-0.0976909
0.12036
0.159254
-4.23773e-005
3.19723e-006
5.87273e-005
-0.0863772
-0.473867
-0.0359722
-2.19071e-005
-3.28171e-005
-2.91576e-006
-0.0419034
0.0272737
0.15472
-5.88744e-006
6.00786e-005
-0.000112757
0.21781
-0.16913
-0.0424341
-3.96407e-006
5.48069e-005
-6.25663e-005
-0.0483701
-0.0932479
0.303465
0.000119233
-9.47012e-006
-0.00011375
-0.215407
-0.128242
0.0456912
3.86667e-006
-4.81649e-006
2.859e-005
-0.111472
-0.0786005
0.125747
-2.58462e-005
-4.54188e-005
3.80447e-006
0.127125
0.085876
-0.00639878
-5.65465e-005
0.000132018
-7.03219e-006
0.0132559
-0.0194825
-0.0479474
-7.37184e-005
1.09255e-005
0.000107369
-0.126343
-0.185243
0.0543955
9.81274e-006
6.11386e-005
0.000153635
0.228192
0.189119
0.143405
0.000230264
-5.95496e-005
7.74481e-006
-0.0965323
-0.179948
0.204978
-5.18666e-005
0.000221405
0.000106999
-0.016119
0.00752353
0.075229
-0.000105778
-0.0003227
-2.48021e-005
-0.0846154
0.0182029
0.113166
7.33671e-005
-2.52725e-005
3.82512e-005
-0.0148017
0.00566351
0.0539714
0.000196119
-5.23792e-005
-4.8339e-005
0.103104
0.0339832
-0.214976
-4.71275e-005
3.95564e-005
-9.06045e-005
-0.0914924
-0.133296
0.0362693
4.97172e-005
-2.02825e-005
-2.38538e-005
0.178666
0.0183173
-0.0678143
-0.000207389
-2.53405e-005
3.72371e-005
-0.045721
-0.119357
-0.0126858
2.59329e-005
-1.25092e-005
-3.95249e-005
0.13048
-0.0768031
-0.225279
8.44995e-006
-3.50004e-005
-0.000235571
-0.148893
0.0525553
-0.142737
-0.00011008
0.000186685
5.62412e-005
0.161041
0.0844434
0.179546
7.06744e-005
6.81055e-005
-5.27526e-005
0.0456455
0.00691817
0.330468
-2.04989e-005
7.25089e-005
0.000116939
0.0628282
-0.00485541
0.0921766
-2.20588e-005
6.65761e-005
-5.33655e-005
-0.181425
-0.0860728
-0.0122122
-0.000119605
4.95119e-005
1.24451e-005
0.0853211
-0.00105571
0.019235
-0.000100826
0.000188295
3.78436e-005
0.0664526
-0.0946831
-0.00308474
5.46282e-005
-7.74997e-005
3.95867e-006
0.107617
-0.216668
0.033134
-6.26478e-005
-2.46732e-006
-6.95066e-006
-0.00297064
-0.128497
0.289238
-0.000148915
5.92644e-005
-1.39951e-005
0.0839156
-0.073035
-0.0266956
0.000213525
-8.59484e-005
4.60862e-005
-0.256637
0.0816804
-0.202356
0.000117316
9.30478e-005
2.37692e-005
-0.0276107
0.0468092
-0.0353252
-4.78735e-005
8.49003e-006
0.000120342
0.180376
-0.211483
-0.0805524
-2.94177e-005
1.80498e-005
7.03051e-005
0.0452149
-0.0480214
0.0152344
-5.67368e-005
4.84407e-005
0.000150374
-0.0295455
-0.113996
-0.089445
0.00013682
0.000114375
-1.4937e-006
0.255477
-0.124607
0.0671091
0.000125605
-6.38691e-005
-1.06379e-006
0.22081
-0.322651
0.285244
-4.23436e-005
-2.58151e-005
-0.000115916
0.0600117
-0.00155574
0.108712
9.49968e-005
2.32208e-006
-7.09909e-006
0.0201004
-0.293325
0.180451
2.65334e-005
1.06284e-005
6.90776e-005
0.0692024
-0.0179931
0.119215
5.50267e-005
2.93727e-006
8.57942e-005
-0.0813068
-0.0375189
-0.177926
1.75567e-005
5.04874e-006
9.42503e-005
0.361716
-0.300834
-0.0916309
0.000122123
6.62745e-005
7.05932e-006
0.016317
-0.0867315
-0.0859495
2.69955e-005
-1.63141e-005
5.05888e-005
-0.00883925
-0.000578102
0.0689977
-0.000155262
-4.27987e-005
-7.56518e-005
-0.0711108
-0.0347192
-0.00178653
-1.01556e-006
-6.96326e-005
-6.15168e-005
-0.189784
-0.0285432
-0.0517255
6.75435e-005
7.75915e-005
-0.000132434
0.0461805
0.0299421
0.00366461
-7.17571e-005
-1.05084e-005
-0.000220537
-0.218133
-0.355122
0.12291
-8.56909e-007
-1.22503e-005
-2.99724e-005
-0.156936
-0.197183
0.708863
-6.23741e-006
-6.93349e-005
7.45001e-005
-0.0353457
-0.259391
0.0186098
-9.07416e-006
-4.27636e-005
-0.000188341
0.0763266
-0.276434
-0.221029
-8.94578e-005
2.72858e-005
2.51593e-006
0.0271062
0.164539
0.180398
0.00020649
0.00014053
-1.98215e-005
-0.1781
0.024912
-0.0815545
1.66119e-005
0.000140508
-0.000181664
-0.27321
-0.169287
0.12921
2.39026e-005
-0.000150197
7.01266e-005
-0.100077
0.0139857
0.133675
1.01482e-005
-9.54675e-005
-0.000157639
0.0164262
0.0616469
-0.169381
-8.60126e-005
2.01809e-006
7.62606e-007
0.0857877
-0.0893283
-0.0787462
-5.2194e-005
3.88593e-005
-6.00837e-007
-0.122632
0.0453092
-0.0114479
2.3049e-005
-1.27069e-005
0.000133472
-0.323617
0.0194359
0.172508
1.25507e-005
0.000130448
-0.000133464
0.0518086
-0.0371047
0.0271303
-6.71986e-006
-1.19803e-005
3.65846e-005
-0.0837937
0.118293
0.0693828
-7.58907e-005
-4.96416e-005
5.34626e-005
0.199252
-0.0210975
-0.169351
2.62182e-006
-2.63442e-005
0.000177351
-0.0967114
0.0709067
-0.0487614
-7.86954e-006
-3.15592e-005
-1.10002e-005
0.040007
-0.172451
0.00676217
4.12782e-005
-8.46923e-005
-2.90532e-005
0.189659
-0.00822481
-0.103817
-6.11207e-005
-9.39557e-006
-5.05317e-005
0.227863
-0.107002
-0.0290293
-9.2854e-005
2.96367e-005
8.34185e-006
0.0741145
-0.00186345
0.115076
2.06278e-006
-9.8202e-005
-0.000133891
-0.225969
-1.21421
0.531612
-3.65415e-005
-5.05655e-005
7.69086e-006
-0.000226292
-0.0965072
0.158347
-6.58849e-005
1.47176e-005
-2.30589e-005
-0.0390994
-0.0287159
0.255663
1.95898e-005
5.78686e-005
-8.249e-005
0.237978
-0.194334
-0.179841
2.04646e-005
1.92837e-006
-0.000174966
-0.0958902
-0.0182665
0.0720588
-7.44448e-005
2.43887e-005
1.07694e-005
0.00778434
-0.11612
-0.0799115
0.000110256
1.7911e-005
-1.32842e-005
0.108479
0.0256192
0.111475
0.000115824
6.38462e-005
0.000130482
-0.111569
-0.0316175
-0.012454
-1.167e-005
-4.25216e-005
-1.14979e-005
0.0273397
-0.0292246
0.0184958
-1.04979e-005
1.13876e-005
-4.80629e-005
0.0336264
0.0565798
-0.116541
-0.000122237
0.000111085
-8.3768e-005
0.156871
-0.257288
-0.170578
-0.000162827
1.0886e-005
4.11994e-005
-0.1057
-0.243044
-0.0156999
-5.41348e-006
-2.97213e-005
-9.49511e-007
0.0499651
-0.0416392
-0.167499
-2.05697e-005
3.27759e-006
-0.000109822
-0.192405
-0.0884702
0.060508
-4.52995e-005
-5.67032e-006
1.31593e-006
-0.527352
-0.0976825
-0.601891
1.15791e-006
-4.34838e-006
0.000192087
0.19684
-0.00914291
0.0346432
1.87919e-005
3.57779e-005
-8.54919e-006
-0.183118
-0.137909
0.0401679
8.56316e-006
3.59483e-005
-1.62155e-005
-0.0920686
0.00374608
0.0232465
-0.000331082
-6.68076e-005
6.02592e-006
-0.401876
-0.0537607
0.0375937
-6.29671e-005
8.25242e-005
2.0977e-005
0.0896631
-0.15426
-0.00574344
-2.02742e-005
-3.19959e-008
3.33391e-007
-0.0346452
-0.112003
0.0338393
0.000155341
-7.75351e-005
-0.000130453
0.168609
0.0208507
0.143923
-0.000109642
1.68926e-005
3.17235e-005
-0.103752
-0.456923
0.114259
-8.48657e-005
-1.89592e-006
8.10708e-006
0.0158919
0.0621593
-0.147331
-5.49491e-006
2.61021e-005
1.88623e-005
0.112126
0.179462
0.208349
-1.40294e-005
1.00783e-005
6.66144e-005
0.0258449
-0.950952
-0.521313
-4.54933e-005
-1.48647e-005
4.71904e-005
-0.0450954
0.00233303
0.0349672
-8.04275e-005
3.41987e-005
0.000266786
0.0441243
0.0110162
-0.00598797
-0.000284388
0.000120619
-0.000171104
0.0142332
-0.231324
0.075897
-4.59713e-005
-9.5113e-005
0.000145956
0.0711074
-0.0100905
0.0870244
-6.21099e-005
-2.33688e-005
2.59839e-006
0.157771
-1.5458
0.251554
-7.78999e-005
4.99165e-005
3.42225e-005
-0.0176458
0.193403
0.184864
-0.000108413
2.58591e-005
5.90254e-005
0.0376193
-0.182798
-0.170366
7.63415e-005
-0.000150664
-0.000334385
-0.167596
0.0309807
0.421943
-8.60536e-005
5.32762e-005
4.60938e-005
-0.033836
-0.0861206
0.0900354
1.10275e-005
5.04515e-005
2.22054e-005
0.0358659
-0.0744333
-0.0877848
0.000153235
-7.1315e-005
-7.9787e-006
0.174502
-0.175159
0.0312572
2.54432e-005
8.74723e-005
-7.4577e-007
0.209398
-0.0767808
0.0378475
-0.000176592
0.000117188
-8.97294e-005
-0.0868174
0.03294
-0.0337467
-1.89721e-005
-3.26937e-005
-2.75521e-005
-0.150172
0.0811261
0.0894125
4.87208e-005
8.9298e-009
-6.01949e-006
-0.0456617
-0.0490448
0.000737957
4.88885e-006
-0.000176933
1.02397e-005
-0.110635
-0.0690588
-0.0726224
-5.16925e-005
-1.19048e-005
-5.62449e-006
0.586338
-0.468524
-0.0025794
0.000144335
-5.08897e-005
-5.71315e-006
-0.0300521
0.0133052
-0.144392
3.89384e-005
6.22897e-005
-3.82476e-006
-0.0640178
-0.0760474
-0.132488
7.30148e-005
-8.0658e-005
-4.46082e-006
-0.241603
-0.150211
-0.0955858
-2.38444e-005
-0.000170946
-0.000116323
0.140597
-0.132506
-0.0368519
-9.76905e-005
-5.06448e-006
4.35758e-005
-0.0292509
-0.002671
-0.0319401
-3.04991e-005
-6.05353e-006
6.03096e-005
-0.145375
-0.0595997
0.0638497
2.17979e-005
-7.06543e-005
-2.00037e-005
-0.087208
-0.306938
-0.313447
3.25912e-005
-1.35425e-005
-5.49281e-005
0.727995
-0.227689
-0.276039
4.85648e-006
6.21427e-005
0.000238572
0.0862444
0.0157622
0.0710423
-5.85513e-006
-1.47188e-006
-7.29877e-005
-0.113695
-0.00837877
0.215058
1.12918e-005
1.1713e-005
-2.93659e-005
0.271358
-0.0941845
-0.00343564
-7.39653e-005
3.57632e-005
3.6409e-005
-0.137814
-0.0152045
-0.00619981
-7.13213e-005
-4.73361e-006
-1.23881e-005
0.0176643
-0.072665
-0.197327
1.68088e-005
4.02908e-005
-4.64828e-005
0.0457633
-0.222839
-0.737663
-1.4133e-005
-2.84023e-005
-1.78311e-005
0.19055
-0.340703
0.0431449
-0.000112214
-3.61286e-005
4.12895e-005
0.09401
-0.221307
-0.0986294
2.62032e-006
-7.41761e-005
6.5049e-005
0.021559
-6.25689e-005
-0.0772549
0.000171091
6.57171e-005
-0.000137624
0.0429423
-0.0673874
-0.164001
0.000294433
0.000125235
-7.53366e-005
-0.217423
-0.125253
-0.000603861
2.13165e-005
7.96405e-006
9.75472e-006
-0.259969
-0.12231
0.144789
9.52237e-007
3.11157e-006
-1.93635e-005
0.196446
0.0723879
0.0816431
-8.09684e-005
3.36402e-005
-3.85101e-006
-0.131633
-0.596354
0.165811
5.57591e-005
6.48384e-005
-0.000142792
0.427124
0.122774
-0.238974
-8.15875e-005
2.73357e-005
7.1553e-005
0.0112509
-0.0560032
0.106625
0.000216459
-2.06235e-005
0.00023985
0.151334
-0.121182
0.554396
3.33097e-005
3.81304e-007
-2.20701e-005
-0.0883651
-0.0182153
-0.247569
-6.15781e-005
8.86941e-005
2.18629e-005
0.223359
-0.293973
0.100051
-5.275e-006
-3.64763e-005
1.88173e-005
0.000801692
-0.0134472
-0.00437523
4.49227e-005
5.36256e-005
2.29525e-005
-0.366989
0.00361916
0.157977
5.19995e-005
1.53639e-005
3.34176e-005
-0.00367165
0.0225725
0.0591914
-1.41623e-005
0.000127734
-0.000213404
-0.0912901
0.0334115
-0.0701816
0.000148382
0.000107617
3.02884e-005
0.0481299
0.0542459
0.0148571
-0.00015882
-0.00010746
1.08902e-005
-0.0286469
-0.0602076
-0.0192698
-2.33338e-005
-0.000123147
6.68039e-005
0.128371
-0.0391866
-0.0202546
-5.75868e-005
-0.000110885
0.000103277
-0.093926
0.0235064
-0.0605188
4.06578e-005
-2.66984e-005
2.41909e-005
0.0920627
-0.0559409
0.0165236
-2.70511e-005
-6.79979e-005
8.57377e-005
0.151933
-0.178151
0.00380359
-0.000113385
3.41407e-005
-1.96125e-005
0.0202671
0.0919318
0.0158586
-6.22331e-005
6.9464e-005
-8.59621e-005
0.0116993
-0.16025
0.00169803
8.05244e-005
-3.61439e-005
4.90364e-005
-0.249032
-0.215646
0.296833
8.69349e-005
9.30783e-005
2.37342e-005
0.496922
0.0160626
-0.034379
-0.000133478
-1.94721e-005
6.49289e-006
